100 4950
1 2 386
1 3 310
1 4 232
1 5 479
1 6 193
1 7 296
1 8 389
1 11 411
1 12 120
1 14 110
1 16 449
1 18 141
1 19 306
1 24 197
1 25 370
1 26 70
1 27 444
1 32 437
1 33 146
1 34 420
1 39 195
1 40 438
1 41 139
1 42 257
1 43 242
1 45 230
1 46 340
1 47 172
1 49 457
1 51 495
1 53 193
1 54 75
1 55 100
1 56 433
1 61 191
1 64 407
1 65 92
1 66 211
1 71 296
1 72 238
1 73 68
1 76 491
1 80 66
1 81 194
1 82 490
1 83 190
1 85 241
1 86 122
1 87 394
1 88 79
1 90 446
1 92 115
1 93 84
1 94 248
1 97 181
1 100 38
2 1 386
2 3 170
2 4 216
2 5 175
2 6 323
2 8 495
2 9 290
2 10 319
2 11 498
2 12 194
2 15 464
2 21 206
2 22 463
2 24 289
2 28 284
2 31 292
2 34 156
2 36 262
2 38 355
2 39 245
2 40 416
2 42 496
2 44 211
2 46 60
2 47 483
2 55 100
2 57 105
2 58 433
2 63 352
2 64 494
2 66 349
2 68 171
2 69 441
2 70 131
2 71 65
2 72 297
2 74 69
2 75 84
2 76 205
2 77 486
2 79 364
2 81 491
2 82 259
2 83 457
2 86 349
2 90 33
2 91 444
2 95 167
2 96 418
2 97 221
2 98 451
2 100 451
3 1 310
3 2 170
3 6 69
3 7 372
3 11 41
3 15 432
3 17 149
3 18 184
3 21 49
3 22 67
3 23 275
3 24 386
3 25 353
3 26 408
3 27 101
3 32 121
3 37 307
3 39 438
3 41 252
3 46 27
3 54 207
3 58 95
3 61 476
3 62 57
3 63 153
3 64 361
3 66 5
3 68 467
3 70 361
3 71 25
3 74 415
3 77 158
3 78 272
3 80 200
3 83 409
3 84 362
3 85 466
3 89 244
3 90 144
3 91 358
3 95 274
3 96 46
3 99 271
3 100 127
4 1 232
4 2 216
4 7 455
4 11 456
4 12 198
4 14 369
4 16 410
4 19 419
4 21 20
4 22 369
4 25 62
4 26 63
4 27 235
4 28 437
4 29 48
4 36 7
4 37 453
4 38 404
4 39 143
4 40 31
4 41 63
4 45 142
4 48 105
4 51 466
4 52 160
4 53 298
4 55 464
4 56 160
4 58 414
4 60 409
4 61 227
4 62 354
4 63 273
4 65 273
4 74 47
4 75 154
4 76 426
4 77 325
4 78 294
4 80 151
4 84 487
4 88 23
4 91 222
4 92 58
4 93 270
4 94 5
4 95 192
4 96 306
5 1 479
5 2 175
5 9 214
5 10 216
5 12 126
5 18 114
5 19 231
5 25 315
5 26 106
5 27 83
5 29 237
5 32 137
5 33 213
5 34 347
5 38 340
5 39 97
5 41 307
5 42 23
5 45 25
5 46 118
5 48 37
5 49 41
5 54 41
5 56 322
5 57 207
5 59 412
5 63 275
5 69 455
5 70 190
5 71 126
5 73 16
5 74 254
5 75 50
5 76 464
5 79 378
5 81 489
5 82 221
5 85 377
5 87 329
5 88 4
5 93 453
5 98 131
5 99 432
5 100 487
6 1 193
6 2 323
6 3 69
6 7 284
6 8 364
6 13 448
6 14 291
6 19 6
6 20 61
6 23 224
6 25 493
6 26 240
6 27 421
6 29 283
6 30 363
6 31 98
6 35 281
6 36 351
6 37 187
6 40 237
6 43 116
6 44 238
6 46 411
6 48 319
6 50 130
6 51 85
6 52 222
6 53 32
6 57 204
6 58 233
6 59 435
6 61 495
6 63 108
6 65 416
6 66 33
6 67 150
6 68 432
6 70 221
6 71 146
6 73 371
6 75 489
6 78 122
6 80 410
6 82 330
6 83 367
6 87 320
6 89 384
6 90 12
6 92 354
6 94 493
6 96 238
6 97 439
6 98 160
7 1 296
7 3 372
7 4 455
7 6 284
7 8 79
7 9 498
7 11 110
7 12 473
7 13 396
7 14 341
7 15 296
7 17 476
7 21 138
7 22 270
7 23 23
7 25 9
7 29 475
7 33 467
7 34 293
7 35 341
7 37 50
7 39 184
7 40 333
7 42 318
7 43 296
7 44 160
7 51 476
7 52 67
7 54 290
7 56 138
7 57 284
7 59 74
7 63 289
7 64 472
7 68 381
7 70 307
7 71 355
7 73 219
7 74 333
7 75 328
7 77 72
7 78 188
7 80 198
7 81 441
7 83 76
7 85 230
7 88 420
7 89 372
7 91 27
7 92 344
7 95 408
7 97 122
7 100 87
8 1 389
8 2 495
8 6 364
8 7 79
8 11 129
8 12 220
8 14 28
8 16 231
8 22 20
8 23 311
8 24 390
8 25 366
8 26 427
8 29 491
8 30 374
8 32 144
8 35 141
8 36 218
8 38 40
8 42 324
8 43 371
8 44 324
8 45 206
8 46 284
8 47 455
8 49 168
8 53 116
8 54 372
8 55 289
8 56 490
8 57 50
8 60 329
8 63 482
8 66 117
8 67 179
8 68 389
8 69 394
8 71 99
8 72 355
8 74 165
8 79 276
8 80 100
8 81 307
8 84 76
8 85 160
8 86 247
8 88 142
8 90 277
8 92 491
8 93 50
8 96 169
8 98 214
8 99 407
9 2 290
9 5 214
9 7 498
9 10 200
9 12 307
9 13 102
9 17 499
9 19 73
9 20 262
9 21 391
9 22 149
9 25 186
9 27 475
9 28 258
9 29 71
9 31 7
9 35 207
9 38 44
9 39 81
9 40 422
9 41 148
9 42 208
9 45 456
9 46 42
9 47 92
9 48 294
9 50 111
9 51 102
9 52 271
9 53 469
9 56 126
9 60 181
9 61 473
9 65 283
9 66 27
9 69 294
9 71 161
9 73 424
9 76 77
9 83 308
9 86 460
9 87 345
9 89 19
9 90 97
9 92 4
9 94 304
9 97 469
10 2 319
10 5 216
10 9 200
10 11 184
10 14 495
10 17 302
10 18 404
10 19 418
10 20 269
10 22 7
10 23 393
10 25 385
10 26 278
10 27 20
10 28 246
10 29 355
10 31 288
10 36 215
10 39 13
10 41 61
10 43 267
10 46 401
10 47 270
10 48 452
10 49 368
10 50 151
10 53 133
10 56 3
10 57 44
10 61 45
10 62 62
10 64 67
10 65 149
10 70 218
10 71 121
10 72 97
10 79 449
10 84 167
10 85 496
10 86 251
10 87 84
10 89 316
10 92 69
10 93 448
10 97 348
11 1 411
11 2 498
11 3 41
11 4 456
11 7 110
11 8 129
11 10 184
11 12 436
11 15 175
11 18 91
11 20 438
11 22 126
11 23 279
11 27 156
11 32 127
11 35 236
11 36 297
11 37 270
11 43 40
11 46 336
11 49 417
11 50 194
11 51 329
11 52 497
11 53 117
11 54 109
11 55 440
11 57 419
11 59 235
11 63 386
11 64 433
11 65 236
11 66 303
11 69 122
11 70 270
11 72 15
11 73 126
11 74 44
11 76 249
11 77 101
11 79 32
11 80 137
11 81 191
11 82 213
11 84 106
11 85 96
11 86 304
11 87 68
11 88 76
11 90 198
11 92 386
11 94 437
11 95 99
11 99 137
12 1 120
12 2 194
12 4 198
12 5 126
12 7 473
12 8 220
12 9 307
12 11 436
12 13 80
12 16 432
12 19 288
12 21 264
12 22 14
12 23 17
12 24 119
12 28 150
12 30 449
12 32 479
12 35 492
12 38 53
12 41 321
12 45 20
12 46 469
12 50 10
12 51 241
12 52 38
12 53 32
12 55 226
12 61 337
12 64 157
12 65 181
12 67 100
12 68 453
12 70 8
12 71 163
12 72 179
12 77 405
12 78 233
12 79 246
12 80 205
12 82 348
12 83 42
12 89 386
12 91 188
12 92 199
12 93 332
12 95 207
12 97 149
12 98 213
12 99 121
12 100 163
13 6 448
13 7 396
13 9 102
13 12 80
13 14 154
13 16 197
13 17 172
13 18 65
13 23 444
13 24 473
13 25 465
13 26 179
13 27 70
13 28 63
13 29 255
13 30 176
13 31 244
13 33 195
13 35 24
13 38 84
13 39 205
13 40 347
13 41 480
13 43 104
13 45 437
13 46 398
13 47 498
13 49 130
13 52 41
13 55 155
13 60 307
13 61 388
13 65 407
13 67 440
13 69 46
13 70 170
13 72 310
13 73 326
13 74 91
13 75 320
13 79 89
13 85 230
13 86 34
13 87 481
13 88 225
13 90 217
13 91 321
13 94 93
13 95 136
13 96 455
13 99 207
14 1 110
14 4 369
14 6 291
14 7 341
14 8 28
14 10 495
14 13 154
14 17 308
14 18 424
14 19 466
14 20 225
14 22 405
14 23 255
14 25 435
14 26 1
14 32 95
14 33 36
14 36 365
14 37 356
14 38 64
14 39 469
14 40 263
14 41 474
14 42 443
14 43 78
14 45 456
14 46 124
14 47 185
14 48 461
14 49 68
14 50 67
14 52 487
14 53 228
14 54 151
14 55 248
14 56 355
14 57 457
14 59 113
14 63 458
14 64 308
14 66 300
14 68 391
14 69 498
14 71 395
14 73 36
14 75 93
14 79 281
14 83 57
14 87 257
14 89 395
14 90 137
14 91 251
14 92 83
14 93 486
14 96 73
14 99 459
14 100 307
15 2 464
15 3 432
15 7 296
15 11 175
15 17 372
15 21 27
15 25 314
15 28 478
15 29 456
15 31 13
15 33 72
15 35 311
15 39 184
15 41 266
15 42 497
15 43 304
15 45 397
15 46 290
15 49 123
15 50 424
15 51 149
15 53 210
15 55 455
15 57 274
15 58 148
15 59 199
15 60 350
15 61 340
15 62 466
15 63 365
15 64 382
15 67 419
15 69 276
15 70 348
15 73 103
15 77 218
15 78 86
15 81 102
15 83 311
15 84 417
15 85 84
15 88 319
15 89 471
15 94 336
15 99 274
16 1 449
16 4 410
16 8 231
16 12 432
16 13 197
16 17 389
16 19 142
16 20 450
16 22 47
16 24 321
16 29 299
16 31 243
16 32 33
16 37 30
16 39 233
16 41 223
16 46 428
16 48 325
16 50 243
16 51 163
16 52 284
16 56 90
16 57 382
16 58 109
16 62 393
16 63 491
16 64 216
16 65 373
16 67 198
16 69 211
16 70 471
16 73 389
16 78 216
16 79 16
16 80 482
16 86 145
16 87 258
16 88 57
16 91 63
16 92 246
16 93 325
16 94 260
17 3 149
17 7 476
17 9 499
17 10 302
17 13 172
17 14 308
17 15 372
17 16 389
17 18 140
17 19 132
17 20 174
17 22 363
17 25 143
17 26 379
17 27 367
17 28 84
17 30 4
17 33 476
17 35 155
17 37 407
17 38 401
17 41 300
17 42 253
17 47 161
17 49 227
17 50 32
17 51 427
17 52 435
17 55 176
17 56 290
17 59 53
17 61 376
17 62 147
17 63 375
17 64 434
17 69 128
17 72 296
17 73 291
17 74 494
17 75 127
17 79 157
17 80 355
17 82 160
17 83 441
17 86 288
17 87 288
17 89 141
17 93 338
17 96 165
17 99 98
17 100 201
18 1 141
18 3 184
18 5 114
18 10 404
18 11 91
18 13 65
18 14 424
18 17 140
18 20 81
18 23 241
18 25 206
18 26 432
18 28 359
18 31 102
18 32 147
18 36 344
18 39 230
18 41 409
18 42 71
18 46 343
18 48 417
18 56 274
18 57 167
18 63 194
18 66 348
18 67 340
18 70 212
18 72 151
18 73 188
18 74 114
18 75 141
18 77 334
18 84 348
18 86 455
18 87 214
18 88 393
18 89 54
18 90 101
18 91 392
18 93 107
18 97 251
18 99 390
18 100 414
19 1 306
19 4 419
19 5 231
19 6 6
19 9 73
19 10 418
19 12 288
19 14 466
19 16 142
19 17 132
19 20 402
19 23 454
19 25 107
19 28 38
19 32 77
19 36 361
19 38 172
19 41 57
19 42 55
19 43 449
19 45 390
19 46 444
19 47 482
19 48 452
19 49 443
19 51 319
19 52 269
19 55 250
19 61 266
19 64 487
19 70 193
19 73 250
19 74 265
19 76 388
19 78 467
19 79 478
19 82 70
19 83 40
19 87 455
19 88 76
19 90 42
19 92 432
19 93 474
19 96 398
19 100 275
20 6 61
20 9 262
20 10 269
20 11 438
20 14 225
20 16 450
20 17 174
20 18 81
20 19 402
20 25 117
20 26 70
20 28 467
20 29 232
20 31 349
20 32 323
20 33 433
20 37 170
20 41 442
20 42 150
20 45 281
20 46 169
20 47 431
20 50 32
20 51 445
20 53 432
20 54 343
20 55 31
20 56 31
20 57 49
20 62 154
20 63 242
20 64 493
20 66 46
20 71 326
20 73 103
20 76 58
20 79 500
20 81 197
20 82 89
20 83 129
20 86 188
20 87 484
20 88 184
20 89 9
20 90 449
20 91 344
20 93 106
20 96 41
20 100 128
21 2 206
21 3 49
21 4 20
21 7 138
21 9 391
21 12 264
21 15 27
21 22 142
21 24 343
21 29 160
21 36 80
21 37 383
21 40 72
21 41 163
21 45 443
21 46 109
21 47 3
21 50 268
21 52 203
21 54 40
21 56 487
21 57 383
21 58 51
21 61 498
21 63 4
21 64 379
21 65 213
21 69 202
21 70 340
21 74 407
21 77 469
21 78 62
21 80 295
21 83 299
21 86 142
21 88 2
21 89 64
21 91 190
21 92 181
21 93 379
21 95 94
21 96 457
21 97 105
21 98 291
21 99 19
21 100 211
22 2 463
22 3 67
22 4 369
22 7 270
22 8 20
22 9 149
22 10 7
22 11 126
22 12 14
22 14 405
22 16 47
22 17 363
22 21 142
22 25 43
22 27 138
22 29 381
22 32 55
22 35 441
22 36 484
22 37 407
22 38 72
22 42 329
22 45 164
22 48 304
22 49 285
22 50 320
22 52 7
22 53 200
22 56 424
22 58 69
22 61 275
22 62 208
22 63 381
22 65 213
22 68 54
22 71 133
22 74 264
22 75 386
22 76 486
22 78 138
22 80 101
22 81 387
22 83 405
22 88 164
22 89 77
22 90 494
22 91 235
22 93 490
22 95 92
22 96 226
22 98 374
22 99 29
22 100 157
23 3 275
23 6 224
23 7 23
23 8 311
23 10 393
23 11 279
23 12 17
23 13 444
23 14 255
23 18 241
23 19 454
23 24 305
23 31 341
23 32 478
23 34 10
23 35 109
23 36 487
23 37 89
23 40 111
23 42 305
23 43 328
23 44 204
23 45 400
23 48 443
23 59 323
23 62 380
23 65 229
23 69 215
23 72 178
23 73 303
23 74 309
23 75 214
23 76 222
23 77 382
23 79 282
23 80 491
23 81 13
23 83 43
23 85 67
23 86 456
23 89 125
23 90 28
23 92 428
23 93 297
23 94 12
23 97 360
23 98 264
23 99 23
23 100 103
24 1 197
24 2 289
24 3 386
24 8 390
24 12 119
24 13 473
24 16 321
24 21 343
24 23 305
24 25 449
24 29 427
24 30 285
24 31 473
24 36 454
24 37 157
24 39 4
24 40 278
24 42 140
24 44 188
24 45 419
24 46 458
24 47 452
24 51 145
24 54 332
24 56 289
24 58 428
24 59 374
24 60 209
24 62 182
24 64 91
24 66 94
24 67 349
24 68 92
24 69 61
24 70 276
24 72 456
24 74 256
24 75 310
24 76 271
24 77 280
24 79 110
24 80 389
24 81 157
24 82 444
24 83 248
24 85 184
24 86 442
24 87 274
24 88 314
24 89 398
24 90 294
24 92 245
24 93 294
24 94 348
24 95 66
24 96 308
24 98 92
24 100 126
25 1 370
25 3 353
25 4 62
25 5 315
25 6 493
25 7 9
25 8 366
25 9 186
25 10 385
25 13 465
25 14 435
25 15 314
25 17 143
25 18 206
25 19 107
25 20 117
25 22 43
25 24 449
25 26 267
25 28 163
25 31 322
25 35 462
25 36 17
25 37 128
25 38 17
25 45 66
25 46 72
25 48 178
25 49 316
25 50 442
25 51 481
25 52 261
25 53 6
25 54 160
25 55 290
25 56 286
25 58 444
25 59 204
25 62 381
25 66 404
25 68 115
25 74 423
25 81 149
25 82 400
25 83 66
25 84 444
25 85 2
25 87 244
25 88 382
25 89 470
25 91 345
25 92 405
25 94 453
25 95 243
25 96 130
25 97 162
25 99 383
26 1 70
26 3 408
26 4 63
26 5 106
26 6 240
26 8 427
26 10 278
26 13 179
26 14 1
26 17 379
26 18 432
26 20 70
26 25 267
26 31 270
26 32 137
26 33 334
26 34 461
26 35 460
26 36 155
26 39 84
26 40 363
26 41 24
26 44 498
26 45 173
26 47 236
26 48 419
26 52 86
26 53 304
26 54 312
26 56 262
26 58 152
26 59 253
26 60 292
26 61 136
26 65 40
26 70 3
26 71 416
26 75 238
26 79 435
26 80 492
26 83 102
26 84 236
26 88 386
26 90 105
26 91 339
26 93 224
26 95 60
26 96 427
26 97 102
26 98 401
26 100 378
27 1 444
27 3 101
27 4 235
27 5 83
27 6 421
27 9 475
27 10 20
27 11 156
27 13 70
27 17 367
27 22 138
27 28 397
27 33 104
27 34 453
27 35 23
27 36 195
27 37 199
27 41 485
27 43 459
27 47 125
27 49 95
27 51 247
27 55 69
27 57 281
27 58 25
27 59 182
27 63 220
27 65 338
27 66 83
27 68 419
27 69 125
27 70 67
27 73 432
27 78 62
27 79 189
27 80 311
27 81 233
27 82 308
27 83 292
27 85 361
27 89 245
27 92 119
27 93 238
27 95 241
27 96 416
27 97 35
27 99 50
27 100 157
28 2 284
28 4 437
28 9 258
28 10 246
28 12 150
28 13 63
28 15 478
28 17 84
28 18 359
28 19 38
28 20 467
28 25 163
28 27 397
28 36 116
28 37 201
28 39 474
28 42 170
28 45 472
28 46 37
28 48 317
28 49 255
28 54 298
28 55 383
28 59 126
28 60 15
28 61 225
28 62 229
28 69 49
28 70 81
28 71 293
28 73 397
28 74 53
28 76 307
28 80 254
28 81 249
28 82 474
28 84 495
28 86 197
28 87 413
28 89 94
28 92 415
28 94 445
28 95 317
28 96 205
28 97 351
29 4 48
29 5 237
29 6 283
29 7 475
29 8 491
29 9 71
29 10 355
29 13 255
29 15 456
29 16 299
29 20 232
29 21 160
29 22 381
29 24 427
29 30 218
29 34 121
29 35 50
29 36 385
29 37 101
29 39 185
29 41 126
29 42 431
29 46 231
29 50 230
29 51 233
29 52 129
29 53 449
29 58 175
29 59 411
29 60 355
29 67 393
29 75 284
29 76 236
29 78 416
29 81 347
29 84 82
29 86 86
29 87 1
29 90 173
29 91 345
29 93 161
29 94 177
29 95 223
29 96 86
29 97 135
29 98 323
29 99 232
30 6 363
30 8 374
30 12 449
30 13 176
30 17 4
30 24 285
30 29 218
30 32 359
30 35 126
30 36 48
30 37 28
30 39 34
30 41 387
30 42 473
30 48 343
30 50 418
30 51 112
30 53 89
30 54 32
30 55 45
30 60 277
30 63 429
30 64 470
30 65 410
30 69 296
30 70 268
30 72 374
30 73 287
30 76 40
30 77 147
30 79 138
30 80 271
30 82 282
30 83 248
30 84 403
30 86 68
30 88 153
30 90 345
30 91 268
30 94 471
30 95 273
30 97 262
30 99 243
31 2 292
31 6 98
31 9 7
31 10 288
31 13 244
31 15 13
31 16 243
31 18 102
31 20 349
31 23 341
31 24 473
31 25 322
31 26 270
31 35 308
31 36 440
31 37 212
31 40 458
31 42 324
31 44 181
31 45 378
31 46 158
31 47 364
31 52 437
31 53 186
31 56 243
31 58 316
31 59 460
31 60 290
31 63 416
31 64 453
31 65 493
31 66 212
31 68 184
31 70 462
31 71 154
31 72 315
31 74 147
31 75 204
31 76 53
31 77 77
31 78 352
31 79 166
31 80 81
31 81 82
31 82 93
31 83 206
31 84 384
31 85 498
31 88 341
31 90 320
31 91 275
31 93 228
31 94 94
32 1 437
32 3 121
32 5 137
32 8 144
32 11 127
32 12 479
32 14 95
32 16 33
32 18 147
32 19 77
32 20 323
32 22 55
32 23 478
32 26 137
32 30 359
32 33 238
32 35 172
32 36 357
32 40 80
32 43 405
32 44 214
32 46 68
32 47 431
32 48 57
32 49 445
32 51 282
32 53 254
32 55 63
32 57 480
32 59 450
32 60 286
32 62 258
32 63 407
32 65 25
32 66 242
32 67 145
32 69 406
32 73 157
32 75 344
32 78 246
32 79 95
32 83 67
32 85 447
32 86 453
32 89 496
32 90 12
32 91 373
32 92 403
32 93 154
32 94 102
32 95 215
32 98 458
32 99 355
32 100 371
33 1 146
33 5 213
33 7 467
33 13 195
33 14 36
33 15 72
33 17 476
33 20 433
33 26 334
33 27 104
33 32 238
33 34 442
33 35 181
33 38 20
33 40 84
33 41 403
33 44 296
33 46 179
33 48 278
33 50 413
33 51 441
33 52 412
33 55 379
33 56 77
33 57 106
33 58 18
33 60 80
33 62 351
33 64 144
33 66 331
33 69 177
33 70 170
33 71 181
33 73 328
33 74 234
33 75 328
33 76 151
33 77 375
33 78 277
33 79 55
33 80 159
33 81 485
33 82 88
33 85 169
33 86 434
33 87 470
33 88 263
33 90 328
33 91 205
33 93 488
33 94 306
33 95 372
33 96 110
33 97 455
33 99 179
33 100 182
34 1 420
34 2 156
34 5 347
34 7 293
34 23 10
34 26 461
34 27 453
34 29 121
34 33 442
34 36 294
34 37 243
34 38 424
34 42 165
34 44 452
34 45 397
34 48 186
34 49 371
34 50 68
34 53 357
34 58 93
34 59 495
34 60 30
34 61 5
34 63 215
34 65 52
34 66 194
34 68 420
34 72 67
34 73 344
34 74 154
34 75 406
34 76 152
34 80 379
34 81 155
34 82 436
34 83 325
34 86 314
34 90 348
34 91 332
34 92 371
34 94 413
34 95 234
34 97 159
34 99 298
34 100 231
35 6 281
35 7 341
35 8 141
35 9 207
35 11 236
35 12 492
35 13 24
35 15 311
35 17 155
35 22 441
35 23 109
35 25 462
35 26 460
35 27 23
35 29 50
35 30 126
35 31 308
35 32 172
35 33 181
35 36 474
35 37 381
35 42 352
35 45 201
35 46 351
35 48 401
35 49 164
35 50 294
35 51 194
35 52 48
35 55 432
35 56 232
35 61 79
35 62 42
35 63 108
35 64 162
35 66 68
35 67 32
35 68 272
35 70 329
35 72 92
35 73 14
35 74 175
35 75 145
35 78 264
35 79 250
35 81 192
35 84 32
35 85 9
35 86 476
35 87 313
35 89 137
35 90 154
35 92 165
35 97 199
36 2 262
36 4 7
36 6 351
36 8 218
36 10 215
36 11 297
36 14 365
36 18 344
36 19 361
36 21 80
36 22 484
36 23 487
36 24 454
36 25 17
36 26 155
36 27 195
36 28 116
36 29 385
36 30 48
36 31 440
36 32 357
36 34 294
36 35 474
36 37 128
36 39 229
36 42 413
36 43 429
36 47 483
36 49 27
36 51 448
36 54 168
36 56 394
36 59 367
36 61 129
36 64 106
36 68 320
36 69 181
36 70 301
36 71 286
36 73 421
36 74 156
36 77 281
36 78 226
36 82 316
36 83 109
36 84 174
36 86 78
36 87 47
36 91 114
36 92 407
36 97 447
36 98 339
36 100 403
37 3 307
37 4 453
37 6 187
37 7 50
37 11 270
37 14 356
37 16 30
37 17 407
37 20 170
37 21 383
37 22 407
37 23 89
37 24 157
37 25 128
37 27 199
37 28 201
37 29 101
37 30 28
37 31 212
37 34 243
37 35 381
37 36 128
37 44 474
37 45 233
37 46 6
37 50 105
37 52 392
37 57 38
37 59 158
37 63 359
37 65 164
37 67 257
37 69 268
37 71 11
37 76 63
37 78 445
37 80 291
37 82 327
37 83 449
37 85 275
37 88 402
37 89 231
37 91 13
37 93 487
37 94 48
37 95 499
38 2 355
38 4 404
38 5 340
38 8 40
38 9 44
38 12 53
38 13 84
38 14 64
38 17 401
38 19 172
38 22 72
38 25 17
38 33 20
38 34 424
38 39 412
38 40 128
38 42 380
38 45 482
38 48 130
38 50 64
38 51 68
38 53 411
38 54 93
38 55 283
38 57 342
38 58 342
38 59 427
38 64 35
38 65 86
38 66 186
38 68 228
38 71 474
38 72 263
38 73 243
38 74 175
38 76 310
38 78 190
38 79 390
38 81 283
38 85 394
38 86 212
38 87 456
38 88 373
38 89 127
38 93 272
38 97 441
38 99 144
39 1 195
39 2 245
39 3 438
39 4 143
39 5 97
39 7 184
39 9 81
39 10 13
39 13 205
39 14 469
39 15 184
39 16 233
39 18 230
39 24 4
39 26 84
39 28 474
39 29 185
39 30 34
39 36 229
39 38 412
39 40 61
39 44 333
39 45 452
39 46 294
39 48 14
39 50 64
39 51 138
39 52 66
39 54 173
39 55 78
39 57 380
39 58 331
39 60 87
39 61 26
39 62 57
39 65 183
39 69 58
39 74 2
39 75 405
39 76 193
39 77 88
39 79 143
39 80 152
39 81 348
39 83 51
39 84 180
39 86 408
39 88 228
39 91 353
39 92 472
39 94 91
39 95 102
39 98 298
39 100 193
40 1 438
40 2 416
40 4 31
40 6 237
40 7 333
40 9 422
40 13 347
40 14 263
40 21 72
40 23 111
40 24 278
40 26 363
40 31 458
40 32 80
40 33 84
40 38 128
40 39 61
40 41 218
40 42 430
40 43 210
40 49 237
40 50 321
40 56 29
40 58 329
40 59 270
40 60 160
40 61 145
40 62 405
40 64 418
40 65 442
40 68 95
40 73 131
40 74 437
40 75 348
40 76 421
40 78 199
40 80 279
40 83 370
40 85 481
40 87 285
40 88 208
40 89 26
40 91 422
40 92 368
40 99 27
40 100 157
41 1 139
41 3 252
41 4 63
41 5 307
41 9 148
41 10 61
41 12 321
41 13 480
41 14 474
41 15 266
41 16 223
41 17 300
41 18 409
41 19 57
41 20 442
41 21 163
41 26 24
41 27 485
41 29 126
41 30 387
41 33 403
41 40 218
41 42 458
41 43 353
41 44 482
41 45 430
41 46 473
41 47 157
41 49 159
41 51 144
41 52 199
41 53 483
41 54 203
41 55 174
41 56 499
41 60 231
41 61 297
41 62 397
41 67 402
41 69 433
41 71 131
41 73 310
41 74 462
41 76 362
41 80 183
41 81 210
41 82 202
41 83 107
41 84 100
41 85 59
41 98 169
41 99 389
42 1 257
42 2 496
42 5 23
42 7 318
42 8 324
42 9 208
42 14 443
42 15 497
42 17 253
42 18 71
42 19 55
42 20 150
42 22 329
42 23 305
42 24 140
42 28 170
42 29 431
42 30 473
42 31 324
42 34 165
42 35 352
42 36 413
42 38 380
42 40 430
42 41 458
42 43 234
42 46 390
42 48 176
42 50 135
42 51 29
42 55 61
42 57 77
42 61 45
42 62 227
42 63 332
42 65 139
42 66 138
42 67 230
42 69 47
42 72 448
42 73 356
42 79 19
42 80 340
42 81 113
42 83 96
42 87 416
42 89 485
42 90 11
42 92 448
42 93 291
42 94 322
42 95 28
42 96 173
42 100 351
43 1 242
43 6 116
43 7 296
43 8 371
43 10 267
43 11 40
43 13 104
43 14 78
43 15 304
43 19 449
43 23 328
43 27 459
43 32 405
43 36 429
43 40 210
43 41 353
43 42 234
43 45 427
43 47 414
43 49 368
43 50 70
43 53 346
43 57 243
43 58 231
43 59 100
43 61 43
43 62 474
43 63 382
43 67 343
43 68 297
43 70 91
43 71 296
43 72 109
43 75 394
43 76 67
43 77 486
43 78 357
43 81 15
43 82 481
43 84 492
43 85 440
43 87 354
43 91 302
43 92 307
43 93 27
43 95 71
43 97 314
43 99 30
43 100 438
44 2 211
44 6 238
44 7 160
44 8 324
44 23 204
44 24 188
44 26 498
44 31 181
44 32 214
44 33 296
44 34 452
44 37 474
44 39 333
44 41 482
44 46 452
44 47 75
44 49 407
44 50 491
44 52 447
44 59 168
44 62 166
44 64 254
44 66 119
44 68 419
44 73 66
44 76 354
44 77 465
44 80 21
44 81 431
44 86 385
44 87 277
44 88 100
44 92 133
44 93 373
44 94 358
44 95 168
44 96 496
44 100 499
45 1 230
45 4 142
45 5 25
45 8 206
45 9 456
45 12 20
45 13 437
45 14 456
45 15 397
45 19 390
45 20 281
45 21 443
45 22 164
45 23 400
45 24 419
45 25 66
45 26 173
45 28 472
45 31 378
45 34 397
45 35 201
45 37 233
45 38 482
45 39 452
45 41 430
45 43 427
45 46 389
45 50 360
45 52 38
45 53 478
45 56 197
45 58 70
45 60 223
45 63 472
45 64 181
45 65 179
45 67 174
45 68 262
45 70 135
45 73 92
45 75 384
45 77 69
45 80 162
45 83 234
45 85 323
45 86 206
45 88 258
45 92 210
45 93 217
45 95 335
45 99 469
46 1 340
46 2 60
46 3 27
46 5 118
46 6 411
46 8 284
46 9 42
46 10 401
46 11 336
46 12 469
46 13 398
46 14 124
46 15 290
46 16 428
46 18 343
46 19 444
46 20 169
46 21 109
46 24 458
46 25 72
46 28 37
46 29 231
46 31 158
46 32 68
46 33 179
46 35 351
46 37 6
46 39 294
46 41 473
46 42 390
46 44 452
46 45 389
46 48 244
46 49 148
46 50 60
46 53 151
46 55 74
46 58 235
46 61 114
46 63 165
46 66 171
46 70 129
46 73 121
46 75 429
46 76 381
46 83 422
46 84 122
46 87 389
46 91 64
46 94 266
46 95 78
46 96 121
46 98 207
47 1 172
47 2 483
47 8 455
47 9 92
47 10 270
47 13 498
47 14 185
47 17 161
47 19 482
47 20 431
47 21 3
47 24 452
47 26 236
47 27 125
47 31 364
47 32 431
47 36 483
47 41 157
47 43 414
47 44 75
47 49 196
47 53 387
47 54 78
47 59 486
47 61 85
47 64 449
47 65 411
47 66 417
47 67 37
47 69 202
47 71 270
47 72 440
47 73 449
47 76 251
47 77 330
47 78 335
47 80 489
47 83 375
47 86 274
47 88 317
47 90 76
47 93 209
47 94 131
47 95 490
47 96 253
47 99 169
48 4 105
48 5 37
48 6 319
48 9 294
48 10 452
48 14 461
48 16 325
48 18 417
48 19 452
48 22 304
48 23 443
48 25 178
48 26 419
48 28 317
48 30 343
48 32 57
48 33 278
48 34 186
48 35 401
48 38 130
48 39 14
48 42 176
48 46 244
48 49 368
48 53 414
48 54 148
48 55 253
48 58 449
48 59 326
48 61 206
48 62 369
48 64 91
48 65 3
48 66 399
48 67 117
48 68 207
48 69 427
48 72 474
48 76 429
48 78 224
48 81 391
48 84 45
48 86 309
48 87 223
48 88 22
48 92 177
48 93 101
48 95 397
48 96 105
48 98 1
49 1 457
49 5 41
49 8 168
49 10 368
49 11 417
49 13 130
49 14 68
49 15 123
49 17 227
49 19 443
49 22 285
49 25 316
49 27 95
49 28 255
49 32 445
49 34 371
49 35 164
49 36 27
49 40 237
49 41 159
49 43 368
49 44 407
49 46 148
49 47 196
49 48 368
49 50 493
49 52 302
49 53 287
49 57 75
49 58 489
49 65 443
49 66 115
49 67 156
49 68 7
49 73 53
49 76 46
49 77 247
49 78 433
49 79 83
49 80 54
49 81 370
49 82 52
49 86 321
49 87 285
49 89 219
49 92 370
49 93 305
49 100 468
50 6 130
50 9 111
50 10 151
50 11 194
50 12 10
50 14 67
50 15 424
50 16 243
50 17 32
50 20 32
50 21 268
50 22 320
50 25 442
50 29 230
50 30 418
50 33 413
50 34 68
50 35 294
50 37 105
50 38 64
50 39 64
50 40 321
50 42 135
50 43 70
50 44 491
50 45 360
50 46 60
50 49 493
50 53 111
50 54 10
50 55 278
50 56 132
50 58 374
50 59 198
50 60 413
50 61 380
50 62 200
50 63 485
50 64 231
50 65 207
50 69 460
50 70 108
50 81 174
50 85 176
50 86 195
50 87 387
50 88 233
50 90 88
50 92 261
50 93 480
50 95 168
51 1 495
51 4 466
51 6 85
51 7 476
51 9 102
51 11 329
51 12 241
51 15 149
51 16 163
51 17 427
51 19 319
51 20 445
51 24 145
51 25 481
51 27 247
51 29 233
51 30 112
51 32 282
51 33 441
51 35 194
51 36 448
51 38 68
51 39 138
51 41 144
51 42 29
51 52 402
51 57 306
51 59 97
51 60 239
51 61 270
51 62 378
51 64 19
51 65 348
51 67 107
51 71 388
51 72 375
51 73 128
51 78 264
51 80 134
51 83 198
51 84 70
51 86 22
51 91 356
51 98 260
51 99 86
52 4 160
52 6 222
52 7 67
52 9 271
52 11 497
52 12 38
52 13 41
52 14 487
52 16 284
52 17 435
52 19 269
52 21 203
52 22 7
52 25 261
52 26 86
52 29 129
52 31 437
52 33 412
52 35 48
52 37 392
52 39 66
52 41 199
52 44 447
52 45 38
52 49 302
52 51 402
52 54 385
52 55 348
52 56 420
52 57 353
52 59 330
52 63 80
52 67 104
52 68 187
52 70 78
52 71 435
52 72 163
52 73 212
52 74 444
52 77 215
52 80 256
52 81 222
52 83 13
52 89 243
52 90 5
52 91 466
52 92 241
52 94 235
52 96 369
52 98 252
52 99 403
52 100 165
53 1 193
53 4 298
53 6 32
53 8 116
53 9 469
53 10 133
53 11 117
53 12 32
53 14 228
53 15 210
53 20 432
53 22 200
53 25 6
53 26 304
53 29 449
53 30 89
53 31 186
53 32 254
53 34 357
53 38 411
53 41 483
53 43 346
53 45 478
53 46 151
53 47 387
53 48 414
53 49 287
53 50 111
53 54 46
53 56 299
53 57 155
53 58 252
53 61 486
53 64 341
53 65 380
53 68 347
53 72 338
53 75 287
53 78 431
53 79 330
53 82 121
53 84 307
53 95 306
53 97 156
53 98 445
53 100 135
54 1 75
54 3 207
54 5 41
54 7 290
54 8 372
54 11 109
54 14 151
54 20 343
54 21 40
54 24 332
54 25 160
54 26 312
54 28 298
54 30 32
54 36 168
54 38 93
54 39 173
54 41 203
54 47 78
54 48 148
54 50 10
54 52 385
54 53 46
54 55 426
54 56 378
54 57 126
54 58 183
54 61 72
54 62 417
54 63 225
54 64 485
54 65 497
54 67 54
54 70 135
54 72 52
54 75 299
54 76 327
54 77 458
54 78 209
54 79 476
54 80 332
54 81 352
54 82 107
54 84 422
54 88 286
54 90 105
54 94 105
54 97 465
54 98 485
55 1 100
55 2 100
55 4 464
55 8 289
55 11 440
55 12 226
55 13 155
55 14 248
55 15 455
55 17 176
55 19 250
55 20 31
55 25 290
55 27 69
55 28 383
55 30 45
55 32 63
55 33 379
55 35 432
55 38 283
55 39 78
55 41 174
55 42 61
55 46 74
55 48 253
55 50 278
55 52 348
55 54 426
55 57 279
55 58 113
55 59 412
55 64 381
55 68 453
55 70 193
55 72 442
55 73 438
55 77 362
55 78 425
55 79 109
55 81 108
55 82 88
55 83 146
55 85 416
55 86 181
55 87 492
55 89 56
55 90 205
55 92 374
55 93 350
55 94 256
55 97 449
55 98 242
55 99 43
56 1 433
56 4 160
56 5 322
56 7 138
56 8 490
56 9 126
56 10 3
56 14 355
56 16 90
56 17 290
56 18 274
56 20 31
56 21 487
56 22 424
56 24 289
56 25 286
56 26 262
56 31 243
56 33 77
56 35 232
56 36 394
56 40 29
56 41 499
56 45 197
56 50 132
56 52 420
56 53 299
56 54 378
56 58 225
56 59 202
56 62 188
56 63 340
56 67 311
56 72 348
56 76 186
56 78 251
56 82 290
56 83 220
56 84 76
56 85 138
56 86 293
56 87 361
56 89 238
56 90 302
56 92 413
56 93 147
56 94 247
56 95 239
56 96 42
56 97 416
56 99 386
56 100 123
57 2 105
57 5 207
57 6 204
57 7 284
57 8 50
57 10 44
57 11 419
57 14 457
57 15 274
57 16 382
57 18 167
57 20 49
57 21 383
57 27 281
57 32 480
57 33 106
57 37 38
57 38 342
57 39 380
57 42 77
57 43 243
57 49 75
57 51 306
57 52 353
57 53 155
57 54 126
57 55 279
57 58 395
57 64 131
57 65 71
57 67 435
57 68 383
57 69 188
57 71 162
57 72 158
57 73 283
57 77 152
57 82 309
57 83 290
57 85 151
57 88 181
57 91 258
57 92 302
57 93 280
57 95 202
57 96 103
57 99 272
58 2 433
58 3 95
58 4 414
58 6 233
58 15 148
58 16 109
58 21 51
58 22 69
58 24 428
58 25 444
58 26 152
58 27 25
58 29 175
58 31 316
58 33 18
58 34 93
58 38 342
58 39 331
58 40 329
58 43 231
58 45 70
58 46 235
58 48 449
58 49 489
58 50 374
58 53 252
58 54 183
58 55 113
58 56 225
58 57 395
58 61 144
58 63 279
58 64 493
58 65 450
58 67 16
58 73 50
58 78 321
58 79 274
58 81 195
58 82 499
58 84 410
58 89 209
58 90 85
58 91 269
58 92 211
58 93 479
58 98 415
58 99 494
59 5 412
59 6 435
59 7 74
59 11 235
59 14 113
59 15 199
59 17 53
59 23 323
59 24 374
59 25 204
59 26 253
59 27 182
59 28 126
59 29 411
59 31 460
59 32 450
59 34 495
59 36 367
59 37 158
59 38 427
59 40 270
59 43 100
59 44 168
59 47 486
59 48 326
59 50 198
59 51 97
59 52 330
59 55 412
59 56 202
59 60 298
59 61 296
59 64 202
59 65 477
59 67 445
59 68 69
59 69 356
59 71 436
59 72 69
59 74 268
59 76 324
59 78 406
59 84 485
59 85 238
59 86 26
59 87 90
59 88 91
59 94 266
59 95 297
59 97 451
59 100 217
60 4 409
60 8 329
60 9 181
60 13 307
60 15 350
60 24 209
60 26 292
60 28 15
60 29 355
60 30 277
60 31 290
60 32 286
60 33 80
60 34 30
60 39 87
60 40 160
60 41 231
60 45 223
60 50 413
60 51 239
60 59 298
60 62 266
60 68 125
60 70 444
60 75 418
60 78 445
60 79 176
60 82 401
60 84 434
60 89 245
60 93 2
60 97 355
60 100 249
61 1 191
61 3 476
61 4 227
61 6 495
61 9 473
61 10 45
61 12 337
61 13 388
61 15 340
61 17 376
61 19 266
61 21 498
61 22 275
61 26 136
61 28 225
61 34 5
61 35 79
61 36 129
61 39 26
61 40 145
61 41 297
61 42 45
61 43 43
61 46 114
61 47 85
61 48 206
61 50 380
61 51 270
61 53 486
61 54 72
61 58 144
61 59 296
61 62 409
61 63 465
61 65 42
61 66 76
61 71 332
61 72 443
61 74 40
61 78 255
61 87 153
61 91 341
61 100 433
62 3 57
62 4 354
62 10 62
62 15 466
62 16 393
62 17 147
62 20 154
62 22 208
62 23 380
62 24 182
62 25 381
62 28 229
62 32 258
62 33 351
62 35 42
62 39 57
62 40 405
62 41 397
62 42 227
62 43 474
62 44 166
62 48 369
62 50 200
62 51 378
62 54 417
62 56 188
62 60 266
62 61 409
62 63 201
62 68 490
62 69 452
62 70 220
62 72 242
62 77 61
62 81 334
62 83 246
62 84 167
62 88 403
62 89 106
62 90 344
62 92 90
62 94 97
62 96 197
62 97 302
62 100 78
63 2 352
63 3 153
63 4 273
63 5 275
63 6 108
63 7 289
63 8 482
63 11 386
63 14 458
63 15 365
63 16 491
63 17 375
63 18 194
63 20 242
63 21 4
63 22 381
63 27 220
63 30 429
63 31 416
63 32 407
63 34 215
63 35 108
63 37 359
63 42 332
63 43 382
63 45 472
63 46 165
63 50 485
63 52 80
63 54 225
63 56 340
63 58 279
63 61 465
63 62 201
63 64 316
63 68 461
63 69 31
63 70 393
63 72 172
63 73 419
63 74 344
63 77 309
63 80 462
63 81 80
63 82 182
63 87 262
63 89 193
63 90 354
63 93 264
63 95 434
63 98 186
63 100 134
64 1 407
64 2 494
64 3 361
64 7 472
64 10 67
64 11 433
64 12 157
64 14 308
64 15 382
64 16 216
64 17 434
64 19 487
64 20 493
64 21 379
64 24 91
64 30 470
64 31 453
64 33 144
64 35 162
64 36 106
64 38 35
64 40 418
64 44 254
64 45 181
64 47 449
64 48 91
64 50 231
64 51 19
64 53 341
64 54 485
64 55 381
64 57 131
64 58 493
64 59 202
64 63 316
64 70 408
64 71 301
64 72 476
64 74 251
64 75 9
64 78 148
64 81 425
64 83 31
64 84 211
64 85 45
64 86 50
64 87 120
64 89 344
64 90 134
64 93 495
64 95 269
64 96 381
64 99 336
65 1 92
65 4 273
65 6 416
65 9 283
65 10 149
65 11 236
65 12 181
65 13 407
65 16 373
65 21 213
65 22 213
65 23 229
65 26 40
65 27 338
65 30 410
65 31 493
65 32 25
65 34 52
65 37 164
65 38 86
65 39 183
65 40 442
65 42 139
65 45 179
65 47 411
65 48 3
65 49 443
65 50 207
65 51 348
65 53 380
65 54 497
65 57 71
65 58 450
65 59 477
65 61 42
65 66 426
65 68 129
65 69 53
65 72 428
65 76 138
65 77 306
65 83 344
65 85 411
65 86 90
65 87 361
65 89 230
65 90 308
65 96 305
65 97 10
65 98 9
65 99 134
65 100 2
66 1 211
66 2 349
66 3 5
66 6 33
66 8 117
66 9 27
66 11 303
66 14 300
66 18 348
66 20 46
66 24 94
66 25 404
66 27 83
66 31 212
66 32 242
66 33 331
66 34 194
66 35 68
66 38 186
66 42 138
66 44 119
66 46 171
66 47 417
66 48 399
66 49 115
66 61 76
66 65 426
66 67 101
66 68 433
66 72 304
66 73 160
66 75 291
66 77 228
66 81 393
66 84 372
66 85 439
66 87 280
66 88 38
66 90 486
66 92 315
66 94 5
66 96 353
66 97 319
66 98 431
67 6 150
67 8 179
67 12 100
67 13 440
67 15 419
67 16 198
67 18 340
67 24 349
67 29 393
67 32 145
67 35 32
67 37 257
67 41 402
67 42 230
67 43 343
67 45 174
67 47 37
67 48 117
67 49 156
67 51 107
67 52 104
67 54 54
67 56 311
67 57 435
67 58 16
67 59 445
67 66 101
67 68 389
67 69 142
67 71 205
67 74 470
67 75 50
67 78 94
67 79 160
67 80 325
67 81 235
67 83 231
67 84 469
67 85 3
67 86 426
67 87 34
67 88 11
67 89 181
67 91 231
67 92 147
67 95 437
67 97 247
67 98 46
67 99 172
68 2 171
68 3 467
68 6 432
68 7 381
68 8 389
68 12 453
68 14 391
68 22 54
68 24 92
68 25 115
68 27 419
68 31 184
68 34 420
68 35 272
68 36 320
68 38 228
68 40 95
68 43 297
68 44 419
68 45 262
68 48 207
68 49 7
68 52 187
68 53 347
68 55 453
68 57 383
68 59 69
68 60 125
68 62 490
68 63 461
68 65 129
68 66 433
68 67 389
68 69 62
68 70 223
68 74 154
68 75 356
68 76 145
68 78 216
68 80 396
68 81 178
68 82 4
68 83 138
68 86 448
68 87 411
68 89 81
68 90 181
68 91 387
68 93 129
68 94 144
68 98 215
68 99 469
69 2 441
69 5 455
69 8 394
69 9 294
69 11 122
69 13 46
69 14 498
69 15 276
69 16 211
69 17 128
69 21 202
69 23 215
69 24 61
69 27 125
69 28 49
69 30 296
69 32 406
69 33 177
69 36 181
69 37 268
69 39 58
69 41 433
69 42 47
69 47 202
69 48 427
69 50 460
69 57 188
69 59 356
69 62 452
69 63 31
69 65 53
69 67 142
69 68 62
69 70 302
69 72 48
69 73 379
69 75 372
69 76 70
69 77 194
69 78 341
69 81 2
69 84 35
69 85 227
69 88 180
69 89 330
69 91 205
69 92 94
69 93 120
69 98 306
69 99 68
70 2 131
70 3 361
70 5 190
70 6 221
70 7 307
70 10 218
70 11 270
70 12 8
70 13 170
70 15 348
70 16 471
70 18 212
70 19 193
70 21 340
70 24 276
70 26 3
70 27 67
70 28 81
70 30 268
70 31 462
70 33 170
70 35 329
70 36 301
70 43 91
70 45 135
70 46 129
70 50 108
70 52 78
70 54 135
70 55 193
70 60 444
70 62 220
70 63 393
70 64 408
70 68 223
70 69 302
70 71 434
70 72 356
70 75 70
70 77 206
70 79 344
70 80 161
70 82 146
70 87 260
70 88 225
70 90 106
70 92 415
70 93 155
70 95 493
70 99 125
71 1 296
71 2 65
71 3 25
71 5 126
71 6 146
71 7 355
71 8 99
71 9 161
71 10 121
71 12 163
71 14 395
71 20 326
71 22 133
71 26 416
71 28 293
71 31 154
71 33 181
71 36 286
71 37 11
71 38 474
71 41 131
71 43 296
71 47 270
71 51 388
71 52 435
71 57 162
71 59 436
71 61 332
71 64 301
71 67 205
71 70 434
71 74 305
71 80 270
71 82 35
71 84 456
71 85 302
71 87 243
71 88 192
71 91 200
71 93 497
71 95 98
71 98 94
71 99 57
72 1 238
72 2 297
72 8 355
72 10 97
72 11 15
72 12 179
72 13 310
72 17 296
72 18 151
72 23 178
72 24 456
72 30 374
72 31 315
72 34 67
72 35 92
72 38 263
72 42 448
72 43 109
72 47 440
72 48 474
72 51 375
72 52 163
72 53 338
72 54 52
72 55 442
72 56 348
72 57 158
72 59 69
72 61 443
72 62 242
72 63 172
72 64 476
72 65 428
72 66 304
72 69 48
72 70 356
72 73 192
72 76 140
72 79 148
72 83 387
72 84 312
72 85 41
72 86 445
72 87 85
72 89 278
72 90 367
72 91 22
72 93 415
72 94 485
72 97 34
72 99 270
72 100 309
73 1 68
73 5 16
73 6 371
73 7 219
73 9 424
73 11 126
73 13 326
73 14 36
73 15 103
73 16 389
73 17 291
73 18 188
73 19 250
73 20 103
73 23 303
73 27 432
73 28 397
73 30 287
73 32 157
73 33 328
73 34 344
73 35 14
73 36 421
73 38 243
73 40 131
73 41 310
73 42 356
73 44 66
73 45 92
73 46 121
73 47 449
73 49 53
73 51 128
73 52 212
73 55 438
73 57 283
73 58 50
73 63 419
73 66 160
73 69 379
73 72 192
73 74 300
73 79 329
73 80 355
73 81 495
73 82 87
73 83 281
73 87 77
73 88 156
73 89 473
73 91 439
73 93 82
73 94 422
73 95 165
73 97 149
73 98 158
73 99 437
73 100 374
74 2 69
74 3 415
74 4 47
74 5 254
74 7 333
74 8 165
74 11 44
74 13 91
74 17 494
74 18 114
74 19 265
74 21 407
74 22 264
74 23 309
74 24 256
74 25 423
74 28 53
74 31 147
74 33 234
74 34 154
74 35 175
74 36 156
74 38 175
74 39 2
74 40 437
74 41 462
74 52 444
74 59 268
74 61 40
74 63 344
74 64 251
74 67 470
74 68 154
74 71 305
74 73 300
74 75 205
74 78 327
74 80 302
74 81 332
74 82 119
74 83 432
74 85 342
74 88 157
74 91 136
74 92 334
74 94 342
74 95 337
74 98 150
75 2 84
75 4 154
75 5 50
75 6 489
75 7 328
75 13 320
75 14 93
75 17 127
75 18 141
75 22 386
75 23 214
75 24 310
75 26 238
75 29 284
75 31 204
75 32 344
75 33 328
75 34 406
75 35 145
75 39 405
75 40 348
75 43 394
75 45 384
75 46 429
75 53 287
75 54 299
75 60 418
75 64 9
75 66 291
75 67 50
75 68 356
75 69 372
75 70 70
75 74 205
75 76 169
75 78 157
75 80 157
75 81 411
75 83 210
75 84 283
75 86 398
75 88 198
75 91 453
75 93 359
75 97 499
75 98 461
75 100 151
76 1 491
76 2 205
76 4 426
76 5 464
76 9 77
76 11 249
76 19 388
76 20 58
76 22 486
76 23 222
76 24 271
76 28 307
76 29 236
76 30 40
76 31 53
76 33 151
76 34 152
76 37 63
76 38 310
76 39 193
76 40 421
76 41 362
76 43 67
76 44 354
76 46 381
76 47 251
76 48 429
76 49 46
76 54 327
76 56 186
76 59 324
76 65 138
76 68 145
76 69 70
76 72 140
76 75 169
76 78 359
76 82 380
76 83 219
76 84 354
76 86 52
76 88 207
76 91 225
76 92 412
76 94 407
76 95 94
76 98 37
77 2 486
77 3 158
77 4 325
77 7 72
77 11 101
77 12 405
77 15 218
77 18 334
77 21 469
77 23 382
77 24 280
77 30 147
77 31 77
77 33 375
77 36 281
77 39 88
77 43 486
77 44 465
77 45 69
77 47 330
77 49 247
77 52 215
77 54 458
77 55 362
77 57 152
77 62 61
77 63 309
77 65 306
77 66 228
77 69 194
77 70 206
77 80 354
77 81 423
77 82 263
77 87 467
77 90 78
77 93 466
77 96 162
77 99 411
78 3 272
78 4 294
78 6 122
78 7 188
78 12 233
78 15 86
78 16 216
78 19 467
78 21 62
78 22 138
78 27 62
78 29 416
78 31 352
78 32 246
78 33 277
78 35 264
78 36 226
78 37 445
78 38 190
78 40 199
78 43 357
78 47 335
78 48 224
78 49 433
78 51 264
78 53 431
78 54 209
78 55 425
78 56 251
78 58 321
78 59 406
78 60 445
78 61 255
78 64 148
78 67 94
78 68 216
78 69 341
78 74 327
78 75 157
78 76 359
78 79 249
78 80 151
78 81 178
78 82 465
78 84 309
78 86 265
78 88 59
78 89 497
78 91 88
78 93 265
78 95 33
78 96 23
79 2 364
79 5 378
79 8 276
79 10 449
79 11 32
79 12 246
79 13 89
79 14 281
79 16 16
79 17 157
79 19 478
79 20 500
79 23 282
79 24 110
79 26 435
79 27 189
79 30 138
79 31 166
79 32 95
79 33 55
79 35 250
79 38 390
79 39 143
79 42 19
79 49 83
79 53 330
79 54 476
79 55 109
79 58 274
79 60 176
79 67 160
79 70 344
79 72 148
79 73 329
79 78 249
79 80 452
79 81 179
79 83 81
79 84 275
79 85 23
79 86 435
79 87 434
79 88 104
79 89 77
79 90 325
79 92 475
79 93 453
79 94 499
79 95 309
79 96 489
79 98 422
79 100 212
80 1 66
80 3 200
80 4 151
80 6 410
80 7 198
80 8 100
80 11 137
80 12 205
80 16 482
80 17 355
80 21 295
80 22 101
80 23 491
80 24 389
80 26 492
80 27 311
80 28 254
80 30 271
80 31 81
80 33 159
80 34 379
80 37 291
80 39 152
80 40 279
80 41 183
80 42 340
80 44 21
80 45 162
80 47 489
80 49 54
80 51 134
80 52 256
80 54 332
80 63 462
80 67 325
80 68 396
80 70 161
80 71 270
80 73 355
80 74 302
80 75 157
80 77 354
80 78 151
80 79 452
80 82 50
80 84 37
80 86 229
80 89 201
80 90 304
80 91 51
80 92 251
80 94 214
80 96 74
80 97 458
80 98 272
80 99 267
81 1 194
81 2 491
81 5 489
81 7 441
81 8 307
81 11 191
81 15 102
81 20 197
81 22 387
81 23 13
81 24 157
81 25 149
81 27 233
81 28 249
81 29 347
81 31 82
81 33 485
81 34 155
81 35 192
81 38 283
81 39 348
81 41 210
81 42 113
81 43 15
81 44 431
81 48 391
81 49 370
81 50 174
81 52 222
81 54 352
81 55 108
81 58 195
81 62 334
81 63 80
81 64 425
81 66 393
81 67 235
81 68 178
81 69 2
81 73 495
81 74 332
81 75 411
81 77 423
81 78 178
81 79 179
81 82 33
81 83 59
81 84 184
81 85 270
81 88 424
81 90 278
81 92 70
81 94 291
81 96 104
81 98 92
81 99 40
82 1 490
82 2 259
82 5 221
82 6 330
82 11 213
82 12 348
82 17 160
82 19 70
82 20 89
82 24 444
82 25 400
82 27 308
82 28 474
82 30 282
82 31 93
82 33 88
82 34 436
82 36 316
82 37 327
82 41 202
82 43 481
82 49 52
82 53 121
82 54 107
82 55 88
82 56 290
82 57 309
82 58 499
82 60 401
82 63 182
82 68 4
82 70 146
82 71 35
82 73 87
82 74 119
82 76 380
82 77 263
82 78 465
82 80 50
82 81 33
82 84 486
82 86 92
82 87 453
82 92 121
82 93 452
82 98 306
83 1 190
83 2 457
83 3 409
83 6 367
83 7 76
83 9 308
83 12 42
83 14 57
83 15 311
83 17 441
83 19 40
83 20 129
83 21 299
83 22 405
83 23 43
83 24 248
83 25 66
83 26 102
83 27 292
83 30 248
83 31 206
83 32 67
83 34 325
83 36 109
83 37 449
83 39 51
83 40 370
83 41 107
83 42 96
83 45 234
83 46 422
83 47 375
83 51 198
83 52 13
83 55 146
83 56 220
83 57 290
83 62 246
83 64 31
83 65 344
83 67 231
83 68 138
83 72 387
83 73 281
83 74 432
83 75 210
83 76 219
83 79 81
83 81 59
83 84 144
83 91 361
83 94 346
83 95 92
83 96 45
83 97 279
83 98 281
83 99 112
83 100 443
84 3 362
84 4 487
84 8 76
84 10 167
84 11 106
84 15 417
84 18 348
84 25 444
84 26 236
84 28 495
84 29 82
84 30 403
84 31 384
84 35 32
84 36 174
84 39 180
84 41 100
84 43 492
84 46 122
84 48 45
84 51 70
84 53 307
84 54 422
84 56 76
84 58 410
84 59 485
84 60 434
84 62 167
84 64 211
84 66 372
84 67 469
84 69 35
84 71 456
84 72 312
84 75 283
84 76 354
84 78 309
84 79 275
84 80 37
84 81 184
84 82 486
84 83 144
84 90 405
84 91 18
84 93 404
84 97 253
84 99 498
85 1 241
85 3 466
85 5 377
85 7 230
85 8 160
85 10 496
85 11 96
85 13 230
85 15 84
85 23 67
85 24 184
85 25 2
85 27 361
85 31 498
85 32 447
85 33 169
