100 1980
1 2 335
1 8 339
1 10 164
1 18 375
1 20 334
1 24 246
1 27 166
1 36 483
1 41 460
1 46 23
1 50 284
1 62 493
1 67 230
1 72 500
1 77 309
1 82 360
1 88 280
1 100 380
2 1 335
2 7 401
2 15 433
2 18 497
2 22 259
2 25 97
2 26 247
2 43 82
2 46 131
2 48 96
2 49 415
2 50 412
2 64 238
2 75 62
2 76 288
2 77 364
2 85 125
2 88 271
2 96 115
3 11 37
3 14 256
3 28 142
3 41 302
3 44 172
3 60 409
3 61 212
3 63 433
3 65 121
3 66 290
3 68 362
3 70 154
3 71 246
3 72 40
3 73 85
3 74 230
3 80 37
3 81 108
3 90 468
3 91 298
3 97 257
4 13 216
4 16 87
4 18 495
4 24 31
4 34 288
4 36 413
4 37 277
4 43 161
4 49 120
4 50 310
4 54 443
4 60 212
4 64 32
4 68 198
4 71 220
4 75 257
4 80 438
4 83 185
4 86 188
4 87 229
4 95 224
5 20 259
5 26 433
5 30 107
5 34 467
5 40 439
5 44 322
5 48 323
5 55 210
5 57 325
5 58 326
5 62 469
5 65 294
5 68 212
5 71 378
5 76 382
5 88 498
5 89 285
5 90 488
5 96 466
6 8 123
6 12 431
6 24 473
6 26 495
6 27 343
6 31 174
6 32 475
6 34 264
6 36 280
6 38 402
6 40 84
6 43 29
6 45 367
6 46 74
6 48 180
6 57 449
6 58 449
6 60 386
6 66 94
6 70 218
6 75 400
6 80 165
6 87 400
6 88 272
6 92 299
6 96 112
7 2 401
7 16 401
7 26 65
7 32 243
7 33 55
7 37 418
7 39 327
7 40 347
7 47 4
7 60 461
7 62 275
7 64 7
7 67 268
7 80 285
7 99 86
8 1 339
8 6 123
8 11 280
8 14 283
8 22 282
8 23 148
8 24 446
8 30 122
8 32 364
8 37 359
8 47 209
8 54 290
8 56 198
8 60 101
8 63 86
8 66 458
8 70 34
8 72 481
8 92 255
8 94 280
9 17 264
9 21 112
9 23 395
9 38 59
9 47 473
9 54 368
9 73 2
9 81 23
9 84 457
9 86 227
9 89 136
9 100 79
10 1 164
10 16 77
10 17 369
10 19 194
10 48 116
10 52 49
10 53 333
10 55 17
10 67 85
10 70 314
10 76 131
10 77 129
10 79 46
10 80 177
10 88 217
11 3 37
11 8 280
11 24 307
11 29 126
11 32 118
11 33 255
11 34 254
11 35 429
11 45 232
11 46 148
11 55 30
11 61 480
11 67 425
11 76 66
11 78 18
11 85 385
11 91 488
11 92 262
11 95 150
11 96 391
12 6 431
12 14 137
12 24 89
12 38 362
12 41 297
12 44 291
12 50 337
12 53 173
12 62 398
12 63 279
12 71 332
12 77 284
12 79 373
12 82 401
12 86 457
12 87 169
12 88 153
12 95 137
12 98 383
12 99 158
13 4 216
13 23 18
13 26 186
13 27 58
13 29 307
13 36 196
13 41 412
13 44 168
13 50 432
13 51 173
13 56 58
13 64 439
13 76 101
13 77 305
13 78 386
13 79 43
13 87 159
13 89 383
13 92 83
13 93 82
13 97 453
14 3 256
14 8 283
14 12 137
14 17 18
14 19 209
14 21 211
14 27 482
14 29 192
14 32 229
14 34 154
14 45 429
14 48 201
14 53 185
14 55 371
14 56 251
14 58 319
14 63 384
14 73 488
14 75 392
14 80 423
14 84 166
14 88 130
14 89 396
14 91 244
14 92 372
14 93 473
14 97 293
15 2 433
15 23 492
15 33 263
15 36 75
15 44 42
15 45 194
15 46 347
15 59 489
15 61 24
15 62 354
15 65 65
15 67 424
15 72 230
15 74 194
15 78 98
15 83 393
15 84 242
15 91 253
16 4 87
16 7 401
16 10 77
16 18 275
16 31 304
16 42 196
16 51 452
16 52 137
16 59 421
16 68 41
16 70 82
16 82 408
16 88 19
16 89 245
16 94 400
16 98 353
17 9 264
17 10 369
17 14 18
17 18 18
17 20 49
17 23 483
17 28 212
17 30 79
17 36 120
17 38 258
17 41 156
17 46 223
17 47 420
17 51 18
17 62 293
17 63 65
17 65 380
17 67 458
17 79 125
17 82 127
17 87 423
17 90 145
17 93 4
17 94 43
17 97 155
17 98 429
17 99 150
18 1 375
18 2 497
18 4 495
18 16 275
18 17 18
18 30 13
18 31 137
18 35 99
18 36 260
18 39 63
18 48 235
18 51 163
18 63 360
18 65 472
18 68 409
18 74 438
18 79 485
18 84 158
18 85 293
18 87 267
18 89 288
18 94 428
18 95 13
18 98 295
18 100 29
19 10 194
19 14 209
19 22 393
19 32 98
19 37 319
19 45 328
19 57 72
19 60 281
19 64 461
19 85 10
19 86 63
19 87 296
19 95 318
20 1 334
20 5 259
20 17 49
20 23 434
20 27 245
20 28 482
20 29 122
20 31 429
20 36 157
20 37 326
20 41 135
20 46 309
20 51 409
20 52 389
20 59 105
20 60 400
20 63 113
20 69 8
20 70 118
20 71 139
20 72 105
20 81 60
20 82 393
20 87 197
20 93 241
21 9 112
21 14 211
21 23 317
21 25 8
21 30 6
21 32 249
21 38 273
21 49 134
21 50 49
21 56 42
21 69 167
21 70 494
21 75 462
21 76 53
21 100 255
22 2 259
22 8 282
22 19 393
22 23 190
22 30 11
22 33 21
22 43 426
22 46 350
22 48 231
22 50 222
22 51 181
22 52 280
22 59 257
22 64 121
22 65 500
22 66 59
22 68 154
22 69 254
22 70 291
22 71 253
22 77 35
22 80 22
22 97 276
22 98 415
22 99 494
23 8 148
23 9 395
23 13 18
23 15 492
23 17 483
23 20 434
23 21 317
23 22 190
23 24 448
23 25 32
23 26 424
23 28 125
23 34 72
23 43 191
23 48 404
23 50 381
23 64 151
23 66 199
23 74 90
23 78 134
23 92 334
23 96 114
24 1 246
24 4 31
24 6 473
24 8 446
24 11 307
24 12 89
24 23 448
24 25 234
24 38 495
24 55 314
24 57 432
24 60 485
24 61 167
24 65 251
24 75 72
24 83 244
24 90 170
24 95 280
24 97 83
25 2 97
25 21 8
25 23 32
25 24 234
25 28 346
25 29 422
25 35 233
25 41 486
25 42 319
25 52 232
25 58 127
25 61 20
25 62 86
25 78 498
25 80 244
25 82 386
25 84 412
25 89 50
25 93 391
25 94 94
25 97 198
26 2 247
26 5 433
26 6 495
26 7 65
26 13 186
26 23 424
26 32 486
26 35 261
26 36 406
26 40 164
26 41 55
26 47 281
26 54 48
26 60 436
26 62 481
26 64 4
26 66 193
26 68 215
26 71 151
26 83 257
26 84 199
26 85 446
26 93 462
26 94 335
27 1 166
27 6 343
27 13 58
27 14 482
27 20 245
27 28 221
27 30 217
27 32 192
27 33 61
27 35 87
27 39 360
27 41 416
27 43 87
27 45 253
27 47 235
27 48 211
27 55 131
27 60 384
27 69 146
27 72 458
27 79 87
27 97 426
28 3 142
28 17 212
28 20 482
28 23 125
28 25 346
28 27 221
28 36 137
28 45 94
28 47 423
28 52 314
28 53 219
28 60 294
28 77 150
28 83 303
28 88 82
28 99 93
29 11 126
29 13 307
29 14 192
29 20 122
29 25 422
29 36 414
29 39 209
29 40 124
29 42 166
29 47 460
29 57 267
29 66 20
29 69 495
29 71 57
29 78 470
29 91 318
29 97 491
29 99 408
30 5 107
30 8 122
30 17 79
30 18 13
30 21 6
30 22 11
30 27 217
30 33 426
30 34 365
30 39 304
30 40 92
30 44 80
30 48 349
30 49 231
30 54 330
30 57 342
30 59 146
30 75 237
30 76 293
30 84 26
30 99 337
31 6 174
31 16 304
31 18 137
31 20 429
31 33 449
31 47 59
31 56 351
31 58 12
31 60 299
31 69 494
31 74 398
31 80 151
31 90 379
31 95 3
31 97 290
31 100 265
32 6 475
32 7 243
32 8 364
32 11 118
32 14 229
32 19 98
32 21 249
32 26 486
32 27 192
32 39 482
32 40 496
32 42 471
32 43 68
32 51 88
32 59 13
32 62 310
32 67 283
32 71 58
32 78 323
32 89 424
32 91 467
32 93 199
32 96 335
33 7 55
33 11 255
33 15 263
33 22 21
33 27 61
33 30 426
33 31 449
33 34 412
33 37 1
33 41 461
33 44 301
33 51 52
33 53 436
33 54 347
33 55 116
33 66 263
33 67 292
33 72 273
33 79 247
33 92 370
33 100 275
34 4 288
34 5 467
34 6 264
34 11 254
34 14 154
34 23 72
34 30 365
34 33 412
34 35 348
34 36 276
34 37 344
34 38 489
34 46 368
34 50 34
34 54 19
34 68 354
34 70 262
34 72 385
34 73 497
34 76 187
34 78 450
34 81 488
34 83 146
34 84 405
34 87 192
34 100 369
35 11 429
35 18 99
35 25 233
35 26 261
35 27 87
35 34 348
35 36 211
35 46 235
35 50 200
35 68 373
35 80 77
35 86 76
35 90 48
35 93 123
35 97 264
35 100 117
36 1 483
36 4 413
36 6 280
36 13 196
36 15 75
36 17 120
36 18 260
36 20 157
36 26 406
36 28 137
36 29 414
36 34 276
36 35 211
36 42 419
36 43 12
36 45 234
36 48 136
36 53 35
36 69 81
36 74 33
36 78 44
36 100 115
37 4 277
37 7 418
37 8 359
37 19 319
37 20 326
37 33 1
37 34 344
37 53 168
37 54 380
37 55 398
37 56 478
37 64 408
37 76 158
37 82 332
37 86 72
37 91 312
37 94 117
37 97 84
38 6 402
38 9 59
38 12 362
38 17 258
38 21 273
38 24 495
38 34 489
38 39 227
38 41 162
38 45 344
38 60 264
38 61 225
38 69 321
38 72 48
38 75 320
38 79 223
38 81 160
38 99 152
39 7 327
39 18 63
39 27 360
39 29 209
39 30 304
39 32 482
39 38 227
39 43 323
39 49 318
39 56 221
39 57 339
39 63 40
39 66 143
39 70 114
39 76 65
39 77 321
39 79 170
39 91 28
39 93 381
40 5 439
40 6 84
40 7 347
40 26 164
40 29 124
40 30 92
40 32 496
40 47 126
40 50 241
40 53 127
40 58 364
40 62 141
40 63 442
40 70 66
40 73 124
40 75 9
40 76 468
40 84 317
40 85 134
40 91 144
40 93 368
40 95 270
40 97 192
41 1 460
41 3 302
41 12 297
41 13 412
41 17 156
41 20 135
41 25 486
41 26 55
41 27 416
41 33 461
41 38 162
41 46 288
41 48 157
41 49 340
41 53 148
41 57 17
41 62 309
41 64 123
41 68 72
41 71 120
41 75 487
41 82 293
41 86 189
41 87 389
41 88 458
41 98 173
41 99 111
42 16 196
42 25 319
42 29 166
42 32 471
42 36 419
42 45 177
42 47 342
42 57 431
42 65 69
42 71 381
42 72 381
42 74 389
42 76 486
42 79 356
42 84 274
42 90 340
42 93 63
43 2 82
43 4 161
43 6 29
43 22 426
43 23 191
43 27 87
43 32 68
43 36 12
43 39 323
43 45 392
43 50 246
43 51 140
43 63 214
43 64 5
43 82 158
44 3 172
44 5 322
44 12 291
44 13 168
44 15 42
44 30 80
44 33 301
44 48 13
44 49 31
44 50 44
44 53 237
44 63 80
44 66 364
44 73 303
44 85 93
44 87 255
44 95 406
45 6 367
45 11 232
45 14 429
45 15 194
45 19 328
45 27 253
45 28 94
45 36 234
45 38 344
45 42 177
45 43 392
45 50 373
45 55 222
45 60 118
45 63 79
45 84 35
45 89 174
45 94 472
45 97 383
46 1 23
46 2 131
46 6 74
46 11 148
46 15 347
46 17 223
46 20 309
46 22 350
46 34 368
46 35 235
46 41 288
46 47 59
46 51 21
46 60 285
46 61 112
46 65 97
46 76 268
46 80 438
46 87 452
46 90 243
46 91 68
46 92 482
46 94 173
46 97 93
47 7 4
47 8 209
47 9 473
47 17 420
47 26 281
47 27 235
47 28 423
47 29 460
47 31 59
47 40 126
47 42 342
47 46 59
47 49 177
47 59 287
47 63 458
47 74 274
47 80 160
47 82 292
47 86 333
47 93 130
47 100 348
48 2 96
48 5 323
48 6 180
48 10 116
48 14 201
48 18 235
48 22 231
48 23 404
48 27 211
48 30 349
48 36 136
48 41 157
48 44 13
48 49 493
48 63 189
48 65 209
48 67 479
48 68 196
48 70 38
48 87 347
48 94 312
49 2 415
49 4 120
49 21 134
49 30 231
49 39 318
49 41 340
49 44 31
49 47 177
49 48 493
49 56 407
49 60 151
49 62 44
49 66 472
49 67 155
49 68 304
49 70 424
49 74 351
49 77 415
49 78 495
49 81 37
49 84 251
49 89 131
50 1 284
50 2 412
50 4 310
50 12 337
50 13 432
50 21 49
50 22 222
50 23 381
50 34 34
50 35 200
50 40 241
50 43 246
50 44 44
50 45 373
50 56 219
50 66 71
50 69 367
50 71 404
50 77 434
50 78 43
50 80 351
50 83 326
50 84 267
50 85 472
50 91 271
50 97 422
51 13 173
51 16 452
51 17 18
51 18 163
51 20 409
51 22 181
51 32 88
51 33 52
51 43 140
51 46 21
51 53 110
51 54 409
51 56 467
51 59 69
51 60 336
51 65 306
51 86 397
51 88 121
51 91 93
51 95 12
51 96 490
52 10 49
52 16 137
52 20 389
52 22 280
52 25 232
52 28 314
52 64 414
52 65 203
52 67 248
52 70 35
52 74 36
52 75 13
52 79 334
52 86 451
52 91 49
52 92 183
52 94 211
52 96 306
52 98 474
53 10 333
53 12 173
53 14 185
53 28 219
53 33 436
53 36 35
53 37 168
53 40 127
53 41 148
53 44 237
53 51 110
53 56 381
53 57 175
53 83 447
53 86 403
53 89 165
53 94 266
54 4 443
54 8 290
54 9 368
54 26 48
54 30 330
54 33 347
54 34 19
54 37 380
54 51 409
54 59 213
54 60 411
54 64 247
54 79 241
54 89 372
54 92 175
54 96 394
54 98 18
55 5 210
55 10 17
55 11 30
55 14 371
55 24 314
55 27 131
55 33 116
55 37 398
55 45 222
55 69 376
55 72 330
55 74 348
55 82 45
55 83 388
55 86 120
55 90 35
55 93 113
55 98 234
56 8 198
56 13 58
56 14 251
56 21 42
56 31 351
56 37 478
56 39 221
56 49 407
56 50 219
56 51 467
56 53 381
56 61 267
56 64 438
56 77 60
56 87 37
56 92 317
56 94 282
56 96 307
56 97 46
57 5 325
57 6 449
57 19 72
57 24 432
57 29 267
57 30 342
57 39 339
57 41 17
57 42 431
57 53 175
57 58 102
57 60 150
57 69 290
57 76 61
57 82 324
58 5 326
58 6 449
58 14 319
58 25 127
58 31 12
58 40 364
58 57 102
58 63 414
58 75 312
58 77 440
58 78 289
58 80 393
58 82 287
59 15 489
59 16 421
59 20 105
59 22 257
59 30 146
59 32 13
59 47 287
59 51 69
59 54 213
59 65 2
59 72 264
59 76 445
59 77 6
59 90 199
59 93 440
60 3 409
60 4 212
60 6 386
60 7 461
60 8 101
60 19 281
60 20 400
60 24 485
60 26 436
60 27 384
60 28 294
60 31 299
60 38 264
60 45 118
60 46 285
60 49 151
60 51 336
60 54 411
60 57 150
60 61 353
60 63 332
60 64 414
60 65 366
60 66 235
60 75 5
60 77 317
60 78 216
60 83 125
60 84 4
60 85 300
60 93 344
60 96 3
60 100 298
61 3 212
61 11 480
61 15 24
61 24 167
61 25 20
61 38 225
61 46 112
61 56 267
61 60 353
61 77 242
61 78 374
61 82 272
61 98 191
61 100 88
62 1 493
62 5 469
62 7 275
62 12 398
62 15 354
62 17 293
62 25 86
62 26 481
62 32 310
62 40 141
62 41 309
62 49 44
62 64 237
62 72 48
62 74 336
62 80 218
62 84 289
62 91 56
62 94 31
62 96 171
63 3 433
63 8 86
63 12 279
63 14 384
63 17 65
63 18 360
63 20 113
63 39 40
63 40 442
63 43 214
63 44 80
63 45 79
63 47 458
63 48 189
63 58 414
63 60 332
63 66 60
63 72 343
63 77 316
63 97 158
64 2 238
64 4 32
64 7 7
64 13 439
64 19 461
64 22 121
64 23 151
64 26 4
64 37 408
64 41 123
64 43 5
64 52 414
64 54 247
64 56 438
64 60 414
64 62 237
64 69 1
64 71 50
64 74 442
64 75 158
64 76 201
64 79 193
64 88 398
65 3 121
65 5 294
65 15 65
65 17 380
65 18 472
65 22 500
65 24 251
65 42 69
65 46 97
65 48 209
65 51 306
65 52 203
65 59 2
65 60 366
65 75 94
65 80 65
65 84 261
65 91 443
65 95 339
65 98 106
65 99 166
66 3 290
66 6 94
66 8 458
66 22 59
66 23 199
66 26 193
66 29 20
66 33 263
66 39 143
66 44 364
66 49 472
66 50 71
66 60 235
66 63 60
66 68 432
66 71 308
66 75 353
66 83 180
67 1 230
67 7 268
67 10 85
67 11 425
67 15 424
67 17 458
67 32 283
67 33 292
67 48 479
67 49 155
67 52 248
67 69 297
67 76 14
67 84 266
67 98 176
68 3 362
68 4 198
68 5 212
68 16 41
68 18 409
68 22 154
68 26 215
68 34 354
68 35 373
68 41 72
68 48 196
68 49 304
68 66 432
68 70 323
68 74 45
68 75 141
68 81 432
68 84 311
68 98 7
68 99 20
68 100 451
69 20 8
69 21 167
69 22 254
69 27 146
69 29 495
69 31 494
69 36 81
69 38 321
69 50 367
69 55 376
69 57 290
69 64 1
69 67 297
69 71 372
69 74 353
69 89 193
69 94 413
70 3 154
70 6 218
70 8 34
70 10 314
70 16 82
70 20 118
70 21 494
70 22 291
70 34 262
70 39 114
70 40 66
70 48 38
70 49 424
70 52 35
70 68 323
70 71 411
70 72 412
70 73 262
70 78 59
70 79 337
70 87 328
70 88 286
70 89 125
71 3 246
71 4 220
71 5 378
71 12 332
71 20 139
71 22 253
71 26 151
71 29 57
71 32 58
71 41 120
71 42 381
71 50 404
71 64 50
71 66 308
71 69 372
71 70 411
71 74 121
71 75 267
71 84 11
71 85 225
71 86 220
71 88 105
71 97 188
72 1 500
72 3 40
72 8 481
72 15 230
72 20 105
72 27 458
72 33 273
72 34 385
72 38 48
72 42 381
72 55 330
72 59 264
72 62 48
72 63 343
72 70 412
72 76 171
72 78 104
72 85 488
72 88 312
72 90 388
72 96 273
72 97 33
73 3 85
73 9 2
73 14 488
73 34 497
73 40 124
73 44 303
73 70 262
73 81 120
73 82 213
74 3 230
74 15 194
74 18 438
74 23 90
74 31 398
74 36 33
74 42 389
74 47 274
74 49 351
74 52 36
74 55 348
74 62 336
74 64 442
74 68 45
74 69 353
74 71 121
74 75 346
74 80 117
74 81 284
74 88 80
75 2 62
75 4 257
75 6 400
75 14 392
75 21 462
75 24 72
75 30 237
75 38 320
75 40 9
75 41 487
75 52 13
75 58 312
75 60 5
75 64 158
75 65 94
75 66 353
75 68 141
75 71 267
75 74 346
75 82 390
75 86 142
75 95 470
75 100 331
76 2 288
76 5 382
76 10 131
76 11 66
76 13 101
76 21 53
76 30 293
76 34 187
76 37 158
76 39 65
76 40 468
76 42 486
76 46 268
76 57 61
76 59 445
76 64 201
76 67 14
76 72 171
76 81 218
76 92 28
76 94 176
76 96 360
76 97 141
76 99 468
76 100 490
77 1 309
77 2 364
77 10 129
77 12 284
77 13 305
77 22 35
77 28 150
77 39 321
77 49 415
77 50 434
77 56 60
77 58 440
77 59 6
77 60 317
77 61 242
77 63 316
77 81 429
77 95 331
77 98 88
78 11 18
78 13 386
78 15 98
78 23 134
78 25 498
78 29 470
78 32 323
78 34 450
78 36 44
78 49 495
78 50 43
78 58 289
78 60 216
78 61 374
78 70 59
78 72 104
78 81 194
78 85 123
78 87 410
78 100 440
79 10 46
79 12 373
79 13 43
79 17 125
79 18 485
79 27 87
79 33 247
79 38 223
79 39 170
79 42 356
79 52 334
79 54 241
79 64 193
79 70 337
79 86 21
79 87 445
79 88 494
79 89 297
79 91 17
79 97 462
79 99 399
80 3 37
80 4 438
80 6 165
80 7 285
80 10 177
80 14 423
80 22 22
80 25 244
80 31 151
80 35 77
80 46 438
80 47 160
80 50 351
80 58 393
80 62 218
80 65 65
80 74 117
80 83 107
80 90 493
80 94 305
80 96 276
80 98 59
81 3 108
81 9 23
81 20 60
81 34 488
81 38 160
81 49 37
81 68 432
81 73 120
81 74 284
81 76 218
81 77 429
81 78 194
81 83 497
81 86 421
81 87 394
81 91 218
81 97 148
82 1 360
82 12 401
82 16 408
82 17 127
82 20 393
82 25 386
82 37 332
82 41 293
82 43 158
82 47 292
82 55 45
82 57 324
82 58 287
82 61 272
82 73 213
82 75 390
82 84 342
82 89 30
82 99 458
82 100 303
83 4 185
83 15 393
83 24 244
83 26 257
83 28 303
83 34 146
83 50 326
83 53 447
83 55 388
83 60 125
83 66 180
83 80 107
83 81 497
83 89 271
83 94 306
83 97 390
84 9 457
84 14 166
84 15 242
84 18 158
84 25 412
84 26 199
84 30 26
84 34 405
84 40 317
84 42 274
84 45 35
84 49 251
84 50 267
84 60 4
84 62 289
84 65 261
84 67 266
84 68 311
84 71 11
84 82 342
84 89 395
84 97 305
84 100 57
85 2 125
85 11 385
85 18 293
85 19 10
85 26 446
85 40 134
85 44 93
85 50 472
85 60 300
85 71 225
85 72 488
85 78 123
85 86 255
86 4 188
86 9 227
86 12 457
86 19 63
86 35 76
86 37 72
86 41 189
86 47 333
86 51 397
86 52 451
86 53 403
86 55 120
86 71 220
86 75 142
86 79 21
86 81 421
86 85 255
86 88 382
86 97 414
86 99 441
87 4 229
87 6 400
87 12 169
87 13 159
87 17 423
87 18 267
87 19 296
87 20 197
87 34 192
87 41 389
87 44 255
87 46 452
87 48 347
87 56 37
87 70 328
87 78 410
87 79 445
87 81 394
87 88 101
87 89 337
87 95 24
88 1 280
88 2 271
88 5 498
88 6 272
88 10 217
88 12 153
88 14 130
88 16 19
88 28 82
88 41 458
88 51 121
88 64 398
88 70 286
88 71 105
88 72 312
88 74 80
88 79 494
88 86 382
88 87 101
88 89 191
88 92 108
88 95 260
89 5 285
89 9 136
89 13 383
89 14 396
89 16 245
89 18 288
89 25 50
89 32 424
89 45 174
89 49 131
89 53 165
89 54 372
89 69 193
89 70 125
89 79 297
89 82 30
89 83 271
89 84 395
89 87 337
89 88 191
89 90 24
89 91 396
89 97 263
90 3 468
90 5 488
90 17 145
90 24 170
90 31 379
90 35 48
90 42 340
90 46 243
90 55 35
90 59 199
90 72 388
90 80 493
90 89 24
90 93 266
90 94 234
90 95 273
90 98 221
91 3 298
91 11 488
91 14 244
91 15 253
91 29 318
91 32 467
91 37 312
91 39 28
91 40 144
91 46 68
91 50 271
91 51 93
91 52 49
91 62 56
91 65 443
91 79 17
91 81 218
91 89 396
91 95 470
91 97 480
92 6 299
92 8 255
92 11 262
92 13 83
92 14 372
92 23 334
92 33 370
92 46 482
92 52 183
92 54 175
92 56 317
92 76 28
92 88 108
92 93 396
92 96 257
92 100 244
93 13 82
93 14 473
93 17 4
93 20 241
93 25 391
93 26 462
93 32 199
93 35 123
93 39 381
93 40 368
93 42 63
93 47 130
93 55 113
93 59 440
93 60 344
93 90 266
93 92 396
93 97 3
94 8 280
94 16 400
94 17 43
94 18 428
94 25 94
94 26 335
94 37 117
94 45 472
94 46 173
94 48 312
94 52 211
94 53 266
94 56 282
94 62 31
94 69 413
94 76 176
94 80 305
94 83 306
94 90 234
94 95 343
94 99 367
95 4 224
95 11 150
95 12 137
95 18 13
95 19 318
95 24 280
95 31 3
95 40 270
95 44 406
95 51 12
95 65 339
95 75 470
95 77 331
95 87 24
95 88 260
95 90 273
95 91 470
95 94 343
95 98 199
95 100 141
96 2 115
96 5 466
96 6 112
96 11 391
96 23 114
96 32 335
96 51 490
96 52 306
96 54 394
96 56 307
96 60 3
96 62 171
96 72 273
96 76 360
96 80 276
96 92 257
97 3 257
97 13 453
97 14 293
97 17 155
97 22 276
97 24 83
97 25 198
97 27 426
97 29 491
97 31 290
97 35 264
97 37 84
97 40 192
97 45 383
97 46 93
97 50 422
97 56 46
97 63 158
97 71 188
97 72 33
97 76 141
97 79 462
97 81 148
97 83 390
97 84 305
97 86 414
97 89 263
97 91 480
97 93 3
98 12 383
98 16 353
98 17 429
98 18 295
98 22 415
98 41 173
98 52 474
98 54 18
98 55 234
98 61 191
98 65 106
98 67 176
98 68 7
98 77 88
98 80 59
98 90 221
98 95 199
99 7 86
99 12 158
99 17 150
99 22 494
99 28 93
99 29 408
99 30 337
99 38 152
99 41 111
99 65 166
99 68 20
99 76 468
99 79 399
99 82 458
99 86 441
99 94 367
100 1 380
100 9 79
100 18 29
100 21 255
100 31 265
100 33 275
100 34 369
100 35 117
100 36 115
100 47 348
100 60 298
100 61 88
100 68 451
100 75 331
100 76 490
100 78 440
100 82 303
100 84 57
100 92 244
100 95 141
