35 952
1 2 1
1 3 102
1 5 18
1 6 149
1 7 24
1 8 46
1 9 154
1 10 71
1 11 124
1 12 138
1 13 108
1 14 100
1 16 115
1 17 10
1 20 145
1 21 162
1 22 147
1 23 104
1 24 75
1 25 122
1 26 68
1 27 163
1 29 121
1 30 5
1 31 69
1 32 143
1 33 138
1 34 31
1 35 22
2 1 1
2 3 162
2 4 43
2 5 5
2 6 23
2 7 64
2 9 24
2 10 5
2 11 17
2 13 11
2 14 26
2 15 135
2 16 171
2 19 95
2 20 106
2 21 119
2 22 66
2 23 45
2 24 33
2 27 83
2 28 47
2 29 89
2 30 118
2 31 62
2 32 127
2 33 121
2 34 95
2 35 130
3 1 102
3 2 162
3 4 27
3 9 86
3 10 88
3 11 136
3 12 49
3 13 157
3 14 130
3 15 164
3 18 1
3 19 104
3 20 77
3 23 174
3 24 53
3 25 63
3 26 49
3 27 51
3 30 64
3 31 19
3 32 41
3 33 2
3 34 16
3 35 93
4 2 43
4 3 27
4 5 65
4 6 8
4 7 76
4 8 148
4 9 36
4 10 135
4 11 80
4 13 121
4 14 104
4 16 66
4 17 81
4 18 4
4 19 156
4 20 18
4 22 106
4 23 85
4 24 4
4 26 72
4 28 172
4 29 145
4 30 30
4 31 117
4 33 11
4 34 144
4 35 117
5 1 18
5 2 5
5 4 65
5 6 51
5 7 3
5 8 22
5 9 14
5 10 29
5 11 144
5 14 69
5 16 170
5 18 113
5 19 96
5 20 124
5 21 58
5 22 117
5 23 5
5 24 99
5 25 25
5 26 1
5 27 93
5 28 41
5 29 152
5 30 58
5 31 81
5 33 126
5 34 16
5 35 55
6 1 149
6 2 23
6 4 8
6 5 51
6 7 28
6 8 114
6 11 137
6 15 166
6 16 58
6 18 133
6 19 155
6 20 41
6 21 107
6 22 134
6 24 6
6 26 127
6 27 31
6 28 42
6 29 101
6 30 96
6 31 116
6 34 40
6 35 108
7 1 24
7 2 64
7 4 76
7 5 3
7 6 28
7 8 83
7 9 26
7 10 119
7 11 133
7 12 102
7 13 165
7 14 85
7 15 114
7 16 124
7 17 108
7 18 172
7 19 83
7 20 22
7 21 165
7 22 56
7 23 109
7 24 41
7 26 69
7 27 7
7 28 69
7 29 109
7 30 161
7 31 140
7 32 98
7 33 125
7 35 8
8 1 46
8 4 148
8 5 22
8 6 114
8 7 83
8 12 85
8 13 141
8 14 168
8 15 106
8 16 172
8 17 19
8 20 89
8 21 14
8 22 133
8 23 151
8 24 148
8 25 102
8 26 17
8 27 48
8 28 123
8 29 44
8 30 124
8 31 94
8 32 90
8 33 46
8 34 97
8 35 107
9 1 154
9 2 24
9 3 86
9 4 36
9 5 14
9 7 26
9 11 102
9 12 16
9 13 21
9 14 151
9 15 175
9 16 109
9 19 167
9 20 128
9 23 126
9 24 19
9 25 123
9 26 89
9 27 20
9 28 174
9 29 121
9 31 38
9 33 50
9 34 13
9 35 70
10 1 71
10 2 5
10 3 88
10 4 135
10 5 29
10 7 119
10 11 159
10 13 174
10 16 2
10 18 166
10 20 131
10 22 51
10 23 134
10 24 41
10 25 74
10 26 87
10 27 71
10 28 112
10 29 122
10 30 27
10 31 126
10 32 113
10 33 108
10 34 19
10 35 48
11 1 124
11 2 17
11 3 136
11 4 80
11 5 144
11 6 137
11 7 133
11 9 102
11 10 159
11 12 50
11 14 105
11 15 77
11 16 125
11 17 121
11 18 38
11 20 163
11 22 65
11 23 170
11 24 77
11 25 126
11 26 57
11 27 33
11 28 128
11 29 2
11 30 86
11 32 100
11 33 101
11 35 51
12 1 138
12 3 49
12 7 102
12 8 85
12 9 16
12 11 50
12 13 82
12 14 107
12 15 78
12 17 142
12 21 145
12 22 93
12 24 165
12 25 40
12 26 90
12 27 61
12 28 64
12 30 155
12 31 168
12 33 30
12 34 175
13 1 108
13 2 11
13 3 157
13 4 121
13 7 165
13 8 141
13 9 21
13 10 174
13 12 82
13 14 164
13 15 124
13 16 108
13 18 63
13 19 96
13 20 1
13 21 68
13 22 110
13 23 79
13 25 77
13 26 54
13 27 7
13 28 56
13 29 15
13 30 45
13 32 147
13 33 135
13 34 123
14 1 100
14 2 26
14 3 130
14 4 104
14 5 69
14 7 85
14 8 168
14 9 151
14 11 105
14 12 107
14 13 164
14 15 167
14 16 59
14 17 159
14 18 137
14 19 2
14 20 31
14 21 111
14 23 117
14 24 29
14 25 5
14 26 10
14 27 88
14 28 14
14 29 58
14 30 46
14 31 143
14 32 171
14 33 49
14 34 5
14 35 80
15 2 135
15 3 164
15 6 166
15 7 114
15 8 106
15 9 175
15 11 77
15 12 78
15 13 124
15 14 167
15 16 70
15 17 134
15 18 64
15 19 152
15 20 58
15 21 36
15 22 57
15 24 146
15 25 50
15 27 54
15 28 69
15 29 135
15 30 111
15 31 123
15 33 59
15 34 92
16 1 115
16 2 171
16 4 66
16 5 170
16 6 58
16 7 124
16 8 172
16 9 109
16 10 2
16 11 125
16 13 108
16 14 59
16 15 70
16 17 173
16 18 50
16 21 155
16 22 165
16 24 102
16 26 67
16 27 88
16 28 14
16 29 169
16 30 35
16 31 74
16 32 4
16 33 139
16 34 108
16 35 102
17 1 10
17 4 81
17 7 108
17 8 19
17 11 121
17 12 142
17 14 159
17 15 134
17 16 173
17 18 98
17 19 155
17 20 98
17 21 142
17 23 157
17 24 130
17 25 173
17 26 36
17 28 150
17 30 126
17 31 22
17 33 165
17 35 149
18 3 1
18 4 4
18 5 113
18 6 133
18 7 172
18 10 166
18 11 38
18 13 63
18 14 137
18 15 64
18 16 50
18 17 98
18 19 11
18 20 95
18 21 97
18 22 10
18 24 114
18 25 137
18 27 18
18 28 90
18 29 108
18 30 147
18 31 148
18 32 36
18 33 58
18 35 116
19 2 95
19 3 104
19 4 156
19 5 96
19 6 155
19 7 83
19 9 167
19 13 96
19 14 2
19 15 152
19 17 155
19 18 11
19 20 62
19 21 144
19 22 14
19 23 124
19 25 16
19 26 173
19 27 3
19 28 157
19 29 151
19 30 57
19 31 44
19 32 62
19 34 146
19 35 67
20 1 145
20 2 106
20 3 77
20 4 18
20 5 124
20 6 41
20 7 22
20 8 89
20 9 128
20 10 131
20 11 163
20 13 1
20 14 31
20 15 58
20 17 98
20 18 95
20 19 62
20 22 126
20 23 128
20 24 14
20 25 116
20 26 4
20 28 104
20 29 172
20 30 113
20 31 129
20 32 100
20 33 130
20 34 2
20 35 165
21 1 162
21 2 119
21 5 58
21 6 107
21 7 165
21 8 14
21 12 145
21 13 68
21 14 111
21 15 36
21 16 155
21 17 142
21 18 97
21 19 144
21 22 85
21 23 162
21 25 57
21 26 125
21 27 47
21 28 29
21 29 20
21 30 171
21 31 40
21 32 170
21 33 111
21 34 32
21 35 120
22 1 147
22 2 66
22 4 106
22 5 117
22 6 134
22 7 56
22 8 133
22 10 51
22 11 65
22 12 93
22 13 110
22 15 57
22 16 165
22 18 10
22 19 14
22 20 126
22 21 85
22 23 121
22 24 18
22 25 166
22 26 3
22 27 55
22 28 89
22 29 11
22 30 28
22 31 16
22 32 26
22 33 145
22 34 47
22 35 153
23 1 104
23 2 45
23 3 174
23 4 85
23 5 5
23 7 109
23 8 151
23 9 126
23 10 134
23 11 170
23 13 79
23 14 117
23 17 157
23 19 124
23 20 128
23 21 162
23 22 121
23 25 92
23 26 130
23 31 98
23 33 97
23 34 175
23 35 17
24 1 75
24 2 33
24 3 53
24 4 4
24 5 99
24 6 6
24 7 41
24 8 148
24 9 19
24 10 41
24 11 77
24 12 165
24 14 29
24 15 146
24 16 102
24 17 130
24 18 114
24 20 14
24 22 18
24 25 100
24 27 135
24 28 119
24 29 155
24 30 141
24 31 168
24 32 93
24 33 43
24 34 69
24 35 72
25 1 122
25 3 63
25 5 25
25 8 102
25 9 123
25 10 74
25 11 126
25 12 40
25 13 77
25 14 5
25 15 50
25 17 173
25 18 137
25 19 16
25 20 116
25 21 57
25 22 166
25 23 92
25 24 100
25 26 2
25 27 151
25 28 158
25 30 20
25 31 55
25 32 173
25 33 12
25 34 127
25 35 38
26 1 68
26 3 49
26 4 72
26 5 1
26 6 127
26 7 69
26 8 17
26 9 89
26 10 87
26 11 57
26 12 90
26 13 54
26 14 10
26 16 67
26 17 36
26 19 173
26 20 4
26 21 125
26 22 3
26 23 130
26 25 2
26 27 126
26 28 57
26 30 16
26 31 16
26 32 65
26 34 112
26 35 129
27 1 163
27 2 83
27 3 51
27 5 93
27 6 31
27 7 7
27 8 48
27 9 20
27 10 71
27 11 33
27 12 61
27 13 7
27 14 88
27 15 54
27 16 88
27 18 18
27 19 3
27 21 47
27 22 55
27 24 135
27 25 151
27 26 126
27 28 33
27 29 11
27 31 167
27 32 71
27 33 81
27 34 31
28 2 47
28 4 172
28 5 41
28 6 42
28 7 69
28 8 123
28 9 174
28 10 112
28 11 128
28 12 64
28 13 56
28 14 14
28 15 69
28 16 14
28 17 150
28 18 90
28 19 157
28 20 104
28 21 29
28 22 89
28 24 119
28 25 158
28 26 57
28 27 33
28 29 121
28 31 63
28 32 139
28 33 87
28 34 91
28 35 64
29 1 121
29 2 89
29 4 145
29 5 152
29 6 101
29 7 109
29 8 44
29 9 121
29 10 122
29 11 2
29 13 15
29 14 58
29 15 135
29 16 169
29 18 108
29 19 151
29 20 172
29 21 20
29 22 11
29 24 155
29 27 11
29 28 121
29 30 20
29 31 38
29 32 52
29 33 83
29 34 128
30 1 5
30 2 118
30 3 64
30 4 30
30 5 58
30 6 96
30 7 161
30 8 124
30 10 27
30 11 86
30 12 155
30 13 45
30 14 46
30 15 111
30 16 35
30 17 126
30 18 147
30 19 57
30 20 113
30 21 171
30 22 28
30 24 141
30 25 20
30 26 16
30 29 20
30 31 168
30 32 137
30 33 34
30 34 166
31 1 69
31 2 62
31 3 19
31 4 117
31 5 81
31 6 116
31 7 140
31 8 94
31 9 38
31 10 126
31 12 168
31 14 143
31 15 123
31 16 74
31 17 22
31 18 148
31 19 44
31 20 129
31 21 40
31 22 16
31 23 98
31 24 168
31 25 55
31 26 16
31 27 167
31 28 63
31 29 38
31 30 168
31 33 131
31 34 91
31 35 10
32 1 143
32 2 127
32 3 41
32 7 98
32 8 90
32 10 113
32 11 100
32 13 147
32 14 171
32 16 4
32 18 36
32 19 62
32 20 100
32 21 170
32 22 26
32 24 93
32 25 173
32 26 65
32 27 71
32 28 139
32 29 52
32 30 137
32 33 17
32 34 58
32 35 113
33 1 138
33 2 121
33 3 2
33 4 11
33 5 126
33 7 125
33 8 46
33 9 50
33 10 108
33 11 101
33 12 30
33 13 135
33 14 49
33 15 59
33 16 139
33 17 165
33 18 58
33 20 130
33 21 111
33 22 145
33 23 97
33 24 43
33 25 12
33 27 81
33 28 87
33 29 83
33 30 34
33 31 131
33 32 17
33 34 97
34 1 31
34 2 95
34 3 16
34 4 144
34 5 16
34 6 40
34 8 97
34 9 13
34 10 19
34 12 175
34 13 123
34 14 5
34 15 92
34 16 108
34 19 146
34 20 2
34 21 32
34 22 47
34 23 175
34 24 69
34 25 127
34 26 112
34 27 31
34 28 91
34 29 128
34 30 166
34 31 91
34 32 58
34 33 97
35 1 22
35 2 130
35 3 93
35 4 117
35 5 55
35 6 108
35 7 8
35 8 107
35 9 70
35 10 48
35 11 51
35 14 80
35 16 102
35 17 149
35 18 116
35 19 67
35 20 165
35 21 120
35 22 153
35 23 17
35 24 72
35 25 38
35 26 129
35 28 64
35 31 10
35 32 113
