35 595
1 7 146
1 8 123
1 10 61
1 11 14
1 14 16
1 18 138
1 20 37
1 21 125
1 25 154
1 26 13
1 30 59
1 31 9
1 34 88
1 35 112
2 5 136
2 8 20
2 9 106
2 11 12
2 12 52
2 14 91
2 15 65
2 18 59
2 22 66
2 23 36
2 24 86
2 26 75
2 27 75
3 4 154
3 5 152
3 6 150
3 7 137
3 10 125
3 14 45
3 15 139
3 16 163
3 18 116
3 28 102
3 29 47
3 30 29
3 32 40
4 3 154
4 5 50
4 8 27
4 9 49
4 13 110
4 15 15
4 16 159
4 17 72
4 18 28
4 21 79
4 24 97
4 26 149
4 28 27
4 29 132
4 30 54
4 31 131
4 32 25
4 33 72
5 2 136
5 3 152
5 4 50
5 7 91
5 8 18
5 10 63
5 11 119
5 12 135
5 14 14
5 16 108
5 21 50
5 22 97
5 23 5
5 25 25
5 27 118
5 29 9
5 30 79
5 33 125
6 3 150
6 8 153
6 11 88
6 12 20
6 16 87
6 19 3
6 22 4
6 23 94
6 26 159
6 32 165
7 1 146
7 3 137
7 5 91
7 8 154
7 10 26
7 11 169
7 15 26
7 21 126
7 26 126
7 27 99
7 29 118
7 30 90
7 31 154
7 32 130
7 34 100
7 35 114
8 1 123
8 2 20
8 4 27
8 5 18
8 6 153
8 7 154
8 9 114
8 12 125
8 13 50
8 15 28
8 16 31
8 17 171
8 18 29
8 19 120
8 20 79
8 22 103
8 26 114
8 28 2
8 29 169
8 30 93
8 32 82
8 33 126
8 34 43
8 35 114
9 2 106
9 4 49
9 8 114
9 11 97
9 12 35
9 13 67
9 14 22
9 15 123
9 22 26
9 23 73
9 24 131
9 25 128
9 26 171
9 27 173
9 29 109
9 33 61
9 35 120
10 1 61
10 3 125
10 5 63
10 7 26
10 15 166
10 19 119
10 22 145
10 25 166
10 27 39
10 28 91
10 30 42
10 32 110
10 33 80
10 34 70
11 1 14
11 2 12
11 5 119
11 6 88
11 7 169
11 9 97
11 12 118
11 13 156
11 15 40
11 17 160
11 18 49
11 20 168
11 21 57
11 22 3
11 24 2
11 26 86
11 28 74
11 29 63
11 32 90
11 34 96
12 2 52
12 5 135
12 6 20
12 8 125
12 9 35
12 11 118
12 13 111
12 16 86
12 17 62
12 19 107
12 20 46
12 21 156
12 24 110
12 26 152
12 27 73
12 28 149
12 32 119
12 35 134
13 4 110
13 8 50
13 9 67
13 11 156
13 12 111
13 14 29
13 16 55
13 25 162
13 26 54
13 27 159
13 30 97
13 32 82
13 34 4
13 35 172
14 1 16
14 2 91
14 3 45
14 5 14
14 9 22
14 13 29
14 15 68
14 17 8
14 18 65
14 20 98
14 21 148
14 22 136
14 23 4
14 25 67
14 26 111
14 27 34
14 29 3
14 32 156
14 34 36
15 2 65
15 3 139
15 4 15
15 7 26
15 8 28
15 9 123
15 10 166
15 11 40
15 14 68
15 16 29
15 17 17
15 20 67
15 21 76
15 23 174
15 24 74
15 25 126
15 28 112
15 30 13
15 31 165
15 35 91
16 3 163
16 4 159
16 5 108
16 6 87
16 8 31
16 12 86
16 13 55
16 15 29
16 17 17
16 21 169
16 22 40
16 23 59
16 26 168
16 27 70
16 28 46
16 31 96
16 32 125
16 34 93
17 4 72
17 8 171
17 11 160
17 12 62
17 14 8
17 15 17
17 16 17
17 18 69
17 22 48
17 23 80
17 24 95
17 25 86
17 28 7
17 30 79
17 31 163
17 32 148
17 34 100
17 35 41
18 1 138
18 2 59
18 3 116
18 4 28
18 8 29
18 11 49
18 14 65
18 17 69
18 19 29
18 21 122
18 24 93
18 25 148
18 27 28
18 28 22
18 29 2
18 30 25
18 31 43
18 32 116
18 33 54
18 35 117
19 6 3
19 8 120
19 10 119
19 12 107
19 18 29
19 22 124
19 23 22
19 24 75
19 26 73
19 30 2
19 33 135
20 1 37
20 8 79
20 11 168
20 12 46
20 14 98
20 15 67
20 23 79
20 28 57
20 31 35
20 32 150
20 34 104
20 35 149
21 1 125
21 4 79
21 5 50
21 7 126
21 11 57
21 12 156
21 14 148
21 15 76
21 16 169
21 18 122
21 23 149
21 25 135
21 28 127
21 31 67
21 32 78
21 33 77
21 34 76
21 35 118
22 2 66
22 5 97
22 6 4
22 8 103
22 9 26
22 10 145
22 11 3
22 14 136
22 16 40
22 17 48
22 19 124
22 24 150
22 26 27
22 27 45
22 30 57
22 31 140
22 32 136
23 2 36
23 5 5
23 6 94
23 9 73
23 14 4
23 15 174
23 16 59
23 17 80
23 19 22
23 20 79
23 21 149
23 24 9
23 26 1
23 28 160
23 29 150
23 31 155
23 32 70
23 33 62
24 2 86
24 4 97
24 9 131
24 11 2
24 12 110
24 15 74
24 17 95
24 18 93
24 19 75
24 22 150
24 23 9
24 28 86
24 29 135
24 31 118
24 32 148
24 33 12
25 1 154
25 5 25
25 9 128
25 10 166
25 13 162
25 14 67
25 15 126
25 17 86
25 18 148
25 21 135
25 28 158
25 29 13
25 30 136
25 31 166
25 34 8
25 35 123
26 1 13
26 2 75
26 4 149
26 6 159
26 7 126
26 8 114
26 9 171
26 11 86
26 12 152
26 13 54
26 14 111
26 16 168
26 19 73
26 22 27
26 23 1
26 28 57
26 29 128
26 30 122
26 31 105
26 35 94
27 2 75
27 5 118
27 7 99
27 9 173
27 10 39
27 12 73
27 13 159
27 14 34
27 16 70
27 18 28
27 22 45
27 28 141
27 29 160
27 30 21
27 31 19
27 33 128
27 34 62
27 35 167
28 3 102
28 4 27
28 8 2
28 10 91
28 11 74
28 12 149
28 15 112
28 16 46
28 17 7
28 18 22
28 20 57
28 21 127
28 23 160
28 24 86
28 25 158
28 26 57
28 27 141
28 31 31
28 33 4
29 3 47
29 4 132
29 5 9
29 7 118
29 8 169
29 9 109
29 11 63
29 14 3
29 18 2
29 23 150
29 24 135
29 25 13
29 26 128
29 27 160
29 30 93
29 31 49
29 33 13
29 35 81
30 1 59
30 3 29
30 4 54
30 5 79
30 7 90
30 8 93
30 10 42
30 13 97
30 15 13
30 17 79
30 18 25
30 19 2
30 22 57
30 25 136
30 26 122
30 27 21
30 29 93
30 31 95
30 33 175
30 34 28
31 1 9
31 4 131
31 7 154
31 15 165
31 16 96
31 17 163
31 18 43
31 20 35
31 21 67
31 22 140
31 23 155
31 24 118
31 25 166
31 26 105
31 27 19
31 28 31
31 29 49
31 30 95
31 32 156
31 33 21
32 3 40
32 4 25
32 6 165
32 7 130
32 8 82
32 10 110
32 11 90
32 12 119
32 13 82
32 14 156
32 16 125
32 17 148
32 18 116
32 20 150
32 21 78
32 22 136
32 23 70
32 24 148
32 31 156
32 34 3
32 35 56
33 4 72
33 5 125
33 8 126
33 9 61
33 10 80
33 18 54
33 19 135
33 21 77
33 23 62
33 24 12
33 27 128
33 28 4
33 29 13
33 30 175
33 31 21
33 35 127
34 1 88
34 7 100
34 8 43
34 10 70
34 11 96
34 13 4
34 14 36
34 16 93
34 17 100
34 20 104
34 21 76
34 25 8
34 27 62
34 30 28
34 32 3
35 1 112
35 7 114
35 8 114
35 9 120
35 12 134
35 13 172
35 15 91
35 17 41
35 18 117
35 20 149
35 21 118
35 25 123
35 26 94
35 27 167
35 29 81
35 32 56
35 33 127
