10 72
1 2 7
1 3 28
1 6 36
1 7 41
1 8 24
1 9 20
2 1 7
2 3 28
2 4 6
2 6 17
2 7 48
2 8 6
2 9 27
2 10 29
3 1 28
3 2 28
3 4 11
3 5 26
3 6 40
3 8 36
3 9 44
4 2 6
4 3 11
4 5 16
4 6 41
4 7 43
4 8 49
4 9 2
4 10 26
5 3 26
5 4 16
5 6 21
5 7 27
5 9 27
5 10 3
6 1 36
6 2 17
6 3 40
6 4 41
6 5 21
6 7 44
6 8 46
6 9 34
6 10 16
7 1 41
7 2 48
7 4 43
7 5 27
7 6 44
7 8 48
7 10 26
8 1 24
8 2 6
8 3 36
8 4 49
8 6 46
8 7 48
8 9 42
8 10 19
9 1 20
9 2 27
9 3 44
9 4 2
9 5 27
9 6 34
9 8 42
10 2 29
10 4 26
10 5 3
10 6 16
10 7 26
10 8 19
