35 238
1 2 133
1 3 18
1 4 101
1 13 120
1 17 145
1 18 75
1 20 33
1 22 84
1 25 51
1 30 83
1 34 44
2 1 133
2 11 106
2 13 33
2 15 82
2 24 70
2 25 79
2 28 77
3 1 18
3 7 88
3 8 59
3 12 78
3 16 141
3 17 7
3 22 75
3 24 159
3 28 14
3 31 54
4 1 101
4 7 68
4 8 112
4 12 118
4 15 111
4 18 62
4 19 36
4 24 143
5 19 163
5 23 125
5 31 161
6 16 164
6 20 158
6 27 130
6 29 36
6 30 89
6 35 116
7 3 88
7 4 68
7 9 113
7 11 78
7 12 142
7 14 80
7 22 43
7 29 131
7 32 105
8 3 59
8 4 112
8 12 136
8 14 174
8 33 14
9 7 113
9 10 37
9 32 142
10 9 37
10 13 27
10 14 26
10 16 156
10 26 164
10 30 55
10 32 84
11 2 106
11 7 78
11 23 8
11 24 69
11 26 75
11 27 63
11 28 7
11 35 14
12 3 78
12 4 118
12 7 142
12 8 136
12 18 85
12 24 83
12 30 158
13 1 120
13 2 33
13 10 27
13 23 167
13 26 39
13 33 91
13 34 130
14 7 80
14 8 174
14 10 26
14 18 97
14 22 14
14 26 34
14 28 126
14 34 24
15 2 82
15 4 111
15 19 16
15 24 102
15 31 135
15 32 52
15 34 33
16 3 141
16 6 164
16 10 156
16 29 86
17 1 145
17 3 7
17 18 90
17 24 37
17 27 70
17 33 115
17 35 34
18 1 75
18 4 62
18 12 85
18 14 97
18 17 90
18 20 140
18 21 141
19 4 36
19 5 163
19 15 16
19 29 53
20 1 33
20 6 158
20 18 140
20 31 171
20 35 69
21 18 141
21 22 76
21 23 38
21 28 157
21 35 74
22 1 84
22 3 75
22 7 43
22 14 14
22 21 76
22 23 133
22 27 169
22 28 19
22 34 154
23 5 125
23 11 8
23 13 167
23 21 38
23 22 133
23 25 53
23 28 113
23 32 10
23 34 55
24 2 70
24 3 159
24 4 143
24 11 69
24 12 83
24 15 102
24 17 37
24 30 42
24 33 61
25 1 51
25 2 79
25 23 53
25 27 77
25 33 7
25 35 164
26 10 164
26 11 75
26 13 39
26 14 34
27 6 130
27 11 63
27 17 70
27 22 169
27 25 77
27 28 16
27 30 56
27 32 123
27 35 99
28 2 77
28 3 14
28 11 7
28 14 126
28 21 157
28 22 19
28 23 113
28 27 16
29 6 36
29 7 131
29 16 86
29 19 53
29 33 39
29 35 87
30 1 83
30 6 89
30 10 55
30 12 158
30 24 42
30 27 56
31 3 54
31 5 161
31 15 135
31 20 171
31 34 124
32 7 105
32 9 142
32 10 84
32 15 52
32 23 10
32 27 123
32 34 141
33 8 14
33 13 91
33 17 115
33 24 61
33 25 7
33 29 39
34 1 44
34 13 130
34 14 24
34 15 33
34 22 154
34 23 55
34 31 124
34 32 141
35 6 116
35 11 14
35 17 34
35 20 69
35 21 74
35 25 164
35 27 99
35 29 87
