100 7920
1 2 117
1 4 274
1 5 432
1 6 331
1 7 148
1 8 44
1 9 168
1 10 313
1 11 370
1 14 109
1 15 435
1 17 49
1 19 322
1 20 140
1 22 376
1 24 143
1 25 107
1 26 218
1 28 358
1 29 118
1 30 54
1 32 427
1 34 303
1 35 345
1 36 176
1 37 133
1 38 227
1 40 454
1 42 319
1 44 157
1 45 429
1 46 481
1 47 165
1 50 130
1 51 37
1 52 249
1 54 456
1 55 305
1 56 456
1 57 203
1 58 143
1 59 321
1 60 200
1 61 370
1 62 197
1 63 362
1 65 201
1 66 57
1 67 257
1 68 158
1 69 327
1 70 453
1 71 275
1 72 218
1 73 98
1 74 481
1 75 166
1 76 482
1 78 150
1 80 252
1 81 220
1 82 209
1 83 84
1 84 270
1 85 239
1 86 153
1 87 414
1 88 288
1 89 324
1 90 222
1 91 395
1 94 434
1 96 357
1 97 73
1 98 158
2 1 117
2 3 237
2 4 59
2 5 129
2 6 157
2 7 231
2 8 262
2 9 358
2 10 244
2 12 400
2 13 337
2 15 179
2 16 189
2 17 45
2 18 219
2 19 262
2 20 473
2 21 156
2 22 336
2 24 456
2 25 455
2 26 12
2 27 315
2 28 86
2 29 356
2 30 221
2 32 13
2 33 474
2 35 324
2 36 55
2 37 485
2 38 27
2 39 397
2 40 149
2 41 497
2 42 291
2 43 434
2 44 412
2 45 337
2 46 57
2 47 122
2 48 476
2 49 218
2 51 217
2 53 255
2 54 114
2 55 141
2 56 128
2 57 24
2 58 259
2 59 73
2 60 311
2 61 148
2 62 407
2 63 179
2 64 426
2 65 17
2 66 350
2 68 394
2 69 367
2 70 135
2 71 445
2 74 365
2 75 101
2 76 293
2 77 492
2 79 301
2 80 454
2 81 240
2 82 311
2 83 234
2 84 280
2 85 241
2 86 50
2 87 74
2 89 401
2 90 35
2 92 261
2 94 233
2 95 408
2 97 466
2 98 428
2 100 82
3 2 237
3 6 226
3 7 72
3 8 255
3 10 27
3 11 351
3 12 446
3 13 191
3 14 46
3 16 6
3 17 484
3 19 325
3 20 244
3 21 138
3 22 356
3 24 62
3 25 84
3 26 62
3 27 212
3 30 290
3 32 311
3 34 163
3 35 139
3 36 173
3 37 378
3 38 391
3 39 389
3 40 173
3 41 425
3 42 401
3 43 83
3 45 37
3 46 7
3 47 144
3 48 325
3 49 395
3 50 418
3 51 69
3 52 472
3 54 260
3 56 54
3 60 382
3 62 323
3 64 274
3 65 140
3 66 308
3 67 339
3 68 405
3 70 422
3 71 206
3 72 75
3 74 110
3 76 413
3 78 341
3 79 225
3 80 455
3 81 325
3 84 396
3 85 227
3 87 216
3 88 232
3 90 433
3 92 79
3 95 233
3 100 270
4 1 274
4 2 59
4 5 48
4 6 35
4 7 70
4 9 69
4 10 110
4 11 404
4 13 40
4 14 203
4 15 318
4 16 402
4 17 130
4 18 239
4 19 393
4 21 406
4 22 232
4 23 6
4 24 481
4 25 374
4 27 333
4 28 315
4 30 431
4 31 186
4 32 17
4 34 76
4 35 285
4 36 361
4 37 340
4 38 3
4 39 320
4 40 52
4 42 379
4 44 52
4 45 448
4 46 316
4 47 260
4 48 460
4 50 30
4 52 353
4 53 329
4 55 481
4 56 286
4 57 33
4 58 224
4 59 404
4 61 344
4 62 429
4 63 370
4 65 108
4 66 159
4 67 450
4 68 216
4 69 222
4 71 230
4 72 230
4 73 36
4 74 248
4 75 125
4 76 118
4 77 297
4 78 476
4 79 72
4 80 289
4 81 499
4 82 170
4 83 221
4 84 159
4 85 435
4 86 19
4 87 52
4 88 189
4 91 107
4 92 325
4 95 39
4 96 286
4 97 30
4 98 61
4 99 301
4 100 154
5 1 432
5 2 129
5 4 48
5 6 436
5 7 148
5 8 18
5 9 274
5 10 103
5 12 297
5 13 481
5 14 226
5 15 97
5 16 333
5 17 257
5 19 367
5 20 182
5 21 174
5 23 429
5 24 285
5 25 8
5 26 48
5 27 55
5 28 338
5 30 210
5 31 385
5 33 26
5 34 209
5 35 299
5 37 178
5 38 267
5 39 429
5 40 5
5 41 115
5 42 190
5 44 373
5 45 429
5 46 265
5 47 178
5 48 248
5 49 201
5 50 500
5 51 163
5 52 413
5 53 288
5 54 254
5 55 102
5 56 479
5 57 49
5 58 197
5 59 467
5 61 431
5 62 376
5 63 98
5 65 382
5 66 411
5 67 478
5 68 6
5 69 499
5 70 397
5 71 183
5 72 401
5 74 245
5 75 422
5 76 489
5 77 95
5 79 150
5 80 339
5 81 151
5 83 143
5 86 405
5 87 16
5 88 172
5 89 220
5 90 497
5 91 470
5 92 413
5 93 73
5 94 214
5 95 489
5 96 271
5 97 23
5 98 103
5 99 200
5 100 411
6 1 331
6 2 157
6 3 226
6 4 35
6 5 436
6 7 196
6 8 377
6 9 301
6 10 486
6 11 18
6 12 202
6 13 447
6 15 384
6 16 334
6 17 236
6 18 334
6 20 109
6 21 101
6 22 261
6 23 421
6 24 177
6 25 415
6 26 395
6 27 307
6 28 133
6 29 2
6 30 458
6 31 423
6 33 195
6 35 93
6 36 328
6 39 161
6 40 220
6 41 18
6 43 485
6 45 165
6 48 80
6 49 454
6 50 377
6 51 264
6 53 23
6 54 455
6 55 218
6 57 30
6 58 339
6 59 358
6 60 334
6 61 388
6 62 236
6 63 131
6 64 152
6 65 249
6 66 223
6 69 345
6 71 476
6 72 102
6 73 100
6 74 178
6 75 45
6 76 97
6 77 350
6 78 354
6 79 439
6 80 148
6 81 22
6 84 103
6 85 446
6 86 174
6 88 447
6 89 293
6 90 239
6 91 220
6 93 25
6 94 129
6 95 385
6 96 184
6 98 233
6 99 388
6 100 355
7 1 148
7 2 231
7 3 72
7 4 70
7 5 148
7 6 196
7 8 298
7 9 416
7 10 327
7 11 191
7 13 310
7 14 202
7 15 406
7 16 366
7 17 160
7 18 280
7 19 473
7 20 379
7 22 475
7 23 34
7 24 217
7 25 469
7 26 53
7 27 34
7 28 171
7 29 62
7 30 9
7 31 129
7 32 156
7 33 155
7 35 431
7 36 259
7 37 164
7 38 17
7 39 96
7 41 13
7 42 303
7 43 81
7 44 205
7 45 46
7 46 396
7 47 118
7 49 186
7 50 246
7 51 241
7 52 426
7 53 78
7 54 475
7 55 144
7 56 172
7 57 138
7 58 303
7 63 424
7 64 68
7 65 243
7 66 26
7 67 143
7 68 262
7 69 463
7 70 353
7 72 177
7 74 269
7 75 205
7 77 165
7 78 371
7 79 256
7 80 297
7 83 59
7 84 68
7 85 348
7 86 454
7 87 204
7 88 291
7 89 357
7 90 353
7 91 67
7 92 220
7 93 185
7 94 113
7 95 331
7 96 49
7 97 312
7 99 478
7 100 320
8 1 44
8 2 262
8 3 255
8 5 18
8 6 377
8 7 298
8 9 151
8 10 368
8 11 383
8 12 259
8 13 250
8 14 86
8 15 399
8 16 300
8 18 494
8 19 338
8 20 176
8 21 24
8 22 13
8 23 228
8 24 138
8 26 260
8 27 379
8 28 149
8 29 346
8 30 390
8 31 443
8 32 241
8 33 286
8 34 85
8 35 438
8 36 72
8 37 460
8 38 310
8 39 404
8 41 268
8 43 8
8 44 446
8 45 343
8 46 139
8 47 190
8 48 130
8 49 330
8 50 466
8 51 38
8 54 430
8 55 344
8 56 45
8 57 307
8 58 499
8 59 464
8 60 460
8 61 418
8 62 108
8 63 113
8 64 345
8 66 393
8 68 245
8 70 481
8 71 382
8 72 483
8 73 250
8 74 35
8 76 379
8 77 161
8 78 158
8 79 466
8 80 29
8 81 56
8 83 406
8 85 43
8 88 236
8 91 165
8 92 275
8 93 246
8 94 187
8 96 226
8 97 146
8 98 305
8 99 479
8 100 270
9 1 168
9 2 358
9 4 69
9 5 274
9 6 301
9 7 416
9 8 151
9 10 125
9 11 109
9 12 499
9 14 419
9 15 284
9 16 481
9 17 41
9 18 445
9 19 1
9 20 241
9 21 46
9 22 383
9 23 455
9 25 18
9 26 6
9 27 450
9 28 215
9 29 196
9 30 183
9 31 78
9 32 171
9 33 270
9 34 255
9 35 391
9 36 264
9 38 444
9 39 227
9 40 155
9 41 121
9 42 2
9 43 359
9 44 329
9 45 174
9 46 155
9 47 397
9 48 426
9 49 460
9 50 380
9 51 59
9 52 219
9 54 304
9 55 105
9 56 340
9 57 14
9 59 434
9 60 366
9 61 287
9 62 80
9 63 356
9 64 182
9 65 357
9 66 229
9 67 392
9 68 42
9 70 232
9 71 153
9 72 409
9 73 118
9 74 123
9 75 88
9 76 262
9 77 34
9 78 9
9 79 144
9 80 492
9 81 87
9 82 495
9 87 438
9 88 201
9 89 110
9 90 407
9 91 205
9 93 232
9 94 93
9 96 257
9 97 263
9 98 205
9 100 336
10 1 313
10 2 244
10 3 27
10 4 110
10 5 103
10 6 486
10 7 327
10 8 368
10 9 125
10 11 296
10 12 437
10 13 199
10 15 173
10 16 193
10 17 394
10 18 35
10 20 451
10 24 141
10 25 398
10 26 145
10 27 473
10 29 467
10 30 98
10 31 218
10 33 293
10 35 487
10 36 105
10 38 286
10 39 148
10 40 292
10 42 156
10 43 215
10 48 223
10 50 37
10 51 399
10 52 329
10 53 134
10 55 404
10 56 13
10 58 33
10 61 413
10 63 388
10 64 250
10 65 94
10 66 491
10 67 311
10 68 201
10 69 494
10 70 378
10 71 186
10 72 305
10 73 50
10 74 398
10 75 259
10 76 180
10 77 317
10 78 201
10 79 166
10 80 129
10 83 180
10 84 442
10 85 368
10 87 186
10 88 148
10 89 58
10 91 293
10 92 180
10 94 48
10 96 391
10 97 452
10 98 480
10 99 111
10 100 224
11 1 370
11 3 351
11 4 404
11 6 18
11 7 191
11 8 383
11 9 109
11 10 296
11 12 429
11 13 52
11 14 328
11 15 258
11 16 379
11 17 323
11 20 76
11 21 53
11 22 273
11 23 204
11 24 365
11 25 18
11 26 190
11 27 410
11 29 447
11 30 445
11 31 414
11 32 188
11 33 210
11 34 188
11 35 81
11 36 59
11 38 258
11 39 137
11 41 500
11 43 100
11 44 42
11 45 271
11 47 49
11 49 181
11 50 110
11 51 200
11 52 392
11 55 407
11 57 374
11 58 16
11 59 154
11 60 287
11 62 205
11 63 384
11 64 388
11 65 134
11 66 249
11 69 413
11 73 454
11 74 29
11 76 123
11 77 346
11 78 69
11 79 312
11 81 364
11 83 283
11 84 373
11 85 415
11 86 374
11 87 464
11 89 84
11 90 171
11 92 108
11 93 312
11 94 356
11 95 121
11 96 266
11 97 376
11 98 453
11 99 453
11 100 156
12 2 400
12 3 446
12 5 297
12 6 202
12 8 259
12 9 499
12 10 437
12 11 429
12 13 50
12 14 46
12 15 121
12 17 44
12 18 97
12 19 302
12 20 487
12 21 475
12 22 36
12 23 114
12 25 460
12 29 383
12 30 293
12 31 494
12 32 472
12 33 370
12 34 264
12 35 86
12 36 46
12 37 148
12 38 123
12 40 306
12 42 415
12 43 160
12 44 96
12 46 465
12 47 108
12 48 86
12 49 26
12 51 339
12 52 468
12 53 92
12 54 315
12 55 333
12 56 164
12 57 295
12 59 413
12 60 340
12 61 145
12 62 430
12 64 107
12 65 189
12 67 280
12 68 164
12 69 325
12 70 342
12 71 225
12 73 270
12 75 189
12 76 373
12 77 364
12 79 453
12 81 441
12 82 456
12 84 267
12 86 357
12 87 370
12 88 290
12 89 500
12 90 52
12 92 107
12 93 268
12 94 117
12 95 344
12 96 204
12 97 85
12 99 346
12 100 464
13 2 337
13 3 191
13 4 40
13 5 481
13 6 447
13 7 310
13 8 250
13 10 199
13 11 52
13 12 50
13 14 480
13 15 314
13 16 162
13 19 123
13 20 398
13 21 269
13 22 279
13 23 236
13 25 142
13 26 224
13 27 168
13 29 417
13 30 30
13 31 66
13 33 102
13 34 150
13 35 418
13 36 244
13 38 414
13 39 101
13 40 426
13 41 12
13 42 34
13 43 47
13 44 319
13 45 19
13 46 191
13 47 111
13 48 64
13 50 193
13 51 70
13 52 298
13 54 286
13 56 491
13 57 310
13 58 275
13 59 421
13 60 31
13 62 46
13 63 222
13 65 327
13 66 157
13 68 253
13 69 208
13 70 420
13 71 43
13 72 497
13 73 232
13 74 434
13 75 246
13 76 491
13 77 228
13 78 500
13 80 301
13 81 177
13 84 216
13 85 6
13 86 227
13 87 348
13 88 100
13 89 308
13 91 153
13 92 118
13 93 290
13 94 464
13 95 137
13 96 36
13 97 151
13 98 70
13 99 125
13 100 98
14 1 109
14 3 46
14 4 203
14 5 226
14 7 202
14 8 86
14 9 419
14 11 328
14 12 46
14 13 480
14 15 363
14 16 263
14 17 483
14 19 66
14 20 81
14 22 217
14 23 465
14 24 343
14 25 341
14 26 278
14 28 161
14 30 90
14 31 183
14 33 68
14 36 382
14 37 151
14 38 482
14 40 446
14 42 364
14 43 110
14 44 358
14 45 393
14 46 22
14 47 494
14 48 63
14 49 324
14 50 469
14 51 30
14 52 435
14 53 111
14 55 16
14 56 189
14 57 216
14 58 82
14 59 254
14 60 223
14 61 302
14 62 296
14 63 180
14 65 71
14 66 493
14 67 120
14 68 239
14 69 429
14 70 42
14 71 388
14 72 360
14 74 428
14 75 42
14 76 101
14 77 144
14 78 61
14 79 158
14 80 107
14 82 47
14 83 194
14 84 468
14 85 241
14 86 6
14 87 353
14 88 126
14 90 91
14 91 235
14 92 465
14 93 316
14 96 303
14 97 332
14 98 147
14 99 194
15 1 435
15 2 179
15 4 318
15 5 97
15 6 384
15 7 406
15 8 399
15 9 284
15 10 173
15 11 258
15 12 121
15 13 314
15 14 363
15 16 6
15 17 282
15 18 316
15 19 41
15 21 172
15 22 36
15 25 39
15 26 120
15 27 350
15 28 157
15 30 347
15 31 102
15 32 500
15 34 72
15 35 152
15 38 379
15 39 150
15 40 491
15 41 443
15 43 419
15 44 234
15 45 316
15 46 95
15 47 498
15 48 231
15 49 349
15 51 269
15 52 74
15 53 31
15 54 462
15 55 324
15 56 460
15 57 282
15 58 276
15 59 344
15 60 235
15 61 219
15 63 357
15 64 181
15 65 173
15 66 341
15 67 107
15 68 387
15 69 108
15 70 413
15 71 146
15 72 326
15 73 286
15 74 48
15 76 111
15 77 183
15 79 210
15 80 468
15 81 425
15 84 184
15 86 204
15 87 231
15 88 350
15 89 294
15 90 118
15 93 144
15 95 406
15 97 352
15 98 233
15 99 287
15 100 137
16 2 189
16 3 6
16 4 402
16 5 333
16 6 334
16 7 366
16 8 300
16 9 481
16 10 193
16 11 379
16 13 162
16 14 263
16 15 6
16 19 312
16 20 331
16 21 86
16 22 239
16 23 190
16 24 14
16 25 337
16 26 104
16 27 367
16 28 420
16 29 221
16 30 51
16 31 489
16 32 445
16 33 234
16 34 339
16 35 145
16 36 175
16 37 11
16 38 476
16 40 138
16 41 281
16 42 87
16 44 285
16 45 170
16 46 473
16 47 481
16 48 90
16 50 307
16 51 248
16 52 235
16 53 458
16 55 282
16 58 131
16 59 324
16 61 62
16 62 488
16 63 185
16 66 110
16 67 428
16 69 33
16 71 125
16 72 237
16 73 211
16 74 349
16 75 405
16 77 445
16 78 302
16 82 183
16 83 1
16 84 104
16 86 306
16 87 382
16 88 286
16 89 258
16 90 249
16 91 452
16 92 493
16 93 459
16 94 164
16 95 452
16 97 104
16 99 355
16 100 307
17 1 49
17 2 45
17 3 484
17 4 130
17 5 257
17 6 236
17 7 160
17 9 41
17 10 394
17 11 323
17 12 44
17 14 483
17 15 282
17 18 396
17 19 258
17 21 133
17 22 204
17 23 237
17 24 253
17 25 335
17 27 26
17 28 102
17 29 308
17 30 176
17 31 96
17 33 236
17 34 199
17 35 150
17 36 440
17 38 5
17 39 312
17 41 270
17 42 172
17 43 341
17 44 12
17 45 43
17 46 248
17 47 116
17 48 435
17 49 43
17 50 249
17 51 8
17 52 133
17 53 345
17 54 118
17 55 337
17 56 241
17 57 445
17 58 192
17 60 403
17 61 499
17 62 383
17 63 156
17 64 20
17 66 183
17 67 212
17 70 414
17 71 147
17 72 129
17 73 412
17 74 163
17 75 155
17 76 142
17 77 235
17 78 214
17 79 352
17 80 223
17 81 288
17 82 195
17 83 41
17 85 343
17 86 184
17 87 263
17 88 81
17 89 33
17 90 340
17 91 143
17 92 300
17 93 352
17 94 164
17 95 426
17 96 162
17 98 462
17 99 389
18 2 219
18 4 239
18 6 334
18 7 280
18 8 494
18 9 445
18 10 35
18 12 97
18 15 316
18 17 396
18 19 354
18 20 169
18 21 488
18 22 80
18 23 276
18 24 57
18 25 270
18 26 149
18 27 277
18 31 124
18 32 144
18 33 13
18 34 14
18 36 486
18 37 81
18 38 109
18 40 439
18 42 493
18 43 143
18 44 268
18 45 45
18 46 232
18 47 220
18 48 422
18 49 287
18 50 490
18 51 24
18 54 250
18 55 50
18 56 342
18 57 311
18 58 476
18 59 406
18 60 499
18 61 221
18 62 39
18 63 326
18 64 311
18 66 278
18 68 249
18 69 23
18 70 312
18 72 371
18 73 351
18 75 11
18 76 430
18 77 49
18 78 10
18 79 311
18 80 371
18 81 335
18 82 445
18 83 120
18 85 382
18 87 197
18 88 129
18 89 123
18 91 40
18 92 470
18 93 468
18 94 469
18 95 415
18 96 122
18 97 441
18 99 179
18 100 15
19 1 322
19 2 262
19 3 325
19 4 393
19 5 367
19 7 473
19 8 338
19 9 1
19 12 302
19 13 123
19 14 66
19 15 41
19 16 312
19 17 258
19 18 354
19 20 198
19 21 258
19 22 293
19 23 275
19 25 428
19 26 331
19 27 364
19 30 10
19 31 149
19 32 110
19 33 55
19 37 352
19 38 273
19 39 413
19 40 487
19 41 367
19 43 278
19 45 300
19 46 88
19 47 334
19 48 286
19 49 130
19 50 108
19 52 314
19 53 147
19 54 177
19 55 22
19 56 438
19 57 407
19 58 317
19 59 314
19 60 497
19 61 359
19 62 78
19 64 159
19 66 275
19 67 235
19 68 7
19 69 271
19 71 242
19 72 39
19 73 274
19 74 62
19 75 15
19 77 92
19 78 232
19 79 129
19 80 254
19 81 495
19 82 363
19 83 296
19 84 261
19 86 429
19 87 123
19 88 413
19 89 249
19 90 25
19 91 207
19 93 52
19 95 363
19 96 68
19 97 269
19 98 432
19 99 35
19 100 499
20 1 140
20 2 473
20 3 244
20 5 182
20 6 109
20 7 379
20 8 176
20 9 241
20 10 451
20 11 76
20 12 487
20 13 398
20 14 81
20 16 331
20 18 169
20 19 198
20 21 6
20 23 471
20 24 51
20 25 119
20 26 478
20 28 131
20 29 380
20 30 309
20 31 239
20 32 150
20 33 333
20 35 289
20 36 462
20 37 321
20 38 140
20 39 483
20 40 322
20 41 354
20 42 75
20 43 333
20 44 202
20 45 234
20 46 254
20 48 392
20 49 357
20 50 252
20 51 484
20 52 93
20 53 468
20 54 111
20 55 383
20 56 223
20 57 250
20 58 163
20 59 63
20 60 208
20 61 128
20 62 198
20 63 211
20 64 324
20 65 87
20 66 43
20 67 202
20 68 201
20 69 208
20 70 480
20 71 194
20 72 465
20 73 220
20 74 387
20 75 476
20 78 359
20 80 93
20 81 472
20 82 356
20 84 443
20 85 354
20 87 19
20 89 134
20 90 361
20 91 385
20 92 210
20 93 450
20 94 73
20 95 388
20 96 464
20 97 386
20 99 147
20 100 474
21 2 156
21 3 138
21 4 406
21 5 174
21 6 101
21 8 24
21 9 46
21 11 53
21 12 475
21 13 269
21 15 172
21 16 86
21 17 133
21 18 488
21 19 258
21 20 6
21 22 425
21 24 273
21 25 257
21 26 39
21 28 42
21 29 190
21 30 107
21 32 323
21 33 355
21 34 332
21 35 23
21 36 475
21 37 346
21 38 402
21 39 389
21 40 2
21 41 397
21 47 198
21 48 472
21 49 209
21 50 485
21 51 40
21 52 340
21 54 444
21 55 432
21 57 369
21 58 393
21 59 117
21 60 178
21 61 491
21 63 320
21 64 462
21 65 239
21 66 158
21 68 498
21 71 216
21 72 145
21 74 459
21 75 336
21 76 262
21 79 495
21 80 145
21 81 324
21 82 433
21 83 432
21 85 42
21 86 273
21 87 243
21 88 375
21 89 438
21 90 167
21 91 131
21 92 470
21 93 273
21 94 166
21 95 333
21 96 74
21 97 331
21 98 268
21 100 149
22 1 376
22 2 336
22 3 356
22 4 232
22 6 261
22 7 475
22 8 13
22 9 383
22 11 273
22 12 36
22 13 279
22 14 217
22 15 36
22 16 239
22 17 204
22 18 80
22 19 293
22 21 425
22 23 158
22 24 238
22 25 449
22 26 430
22 27 182
22 28 21
22 29 19
22 30 291
22 31 52
22 32 401
22 34 407
22 35 313
22 36 257
22 37 324
22 38 128
22 39 96
22 40 389
22 41 449
22 42 379
22 43 233
22 44 183
22 45 78
22 46 369
22 47 61
22 48 302
22 49 471
22 50 211
22 51 490
22 53 495
22 54 134
22 55 433
22 56 387
22 57 226
22 58 336
22 59 289
22 60 367
22 63 367
22 64 376
22 65 80
22 67 233
22 68 65
22 69 390
22 70 416
22 71 65
22 72 4
22 73 68
22 74 374
22 76 437
22 77 389
22 78 349
22 79 220
22 80 492
22 83 126
22 84 240
22 85 382
22 86 487
22 87 52
22 88 98
22 89 15
22 90 229
22 91 59
22 93 266
22 94 492
22 95 328
22 96 100
22 97 497
22 98 370
22 99 276
22 100 395
23 4 6
23 5 429
23 6 421
23 7 34
23 8 228
23 9 455
23 11 204
23 12 114
23 13 236
23 14 465
23 16 190
23 17 237
23 18 276
23 19 275
23 20 471
23 22 158
23 24 65
23 25 20
23 27 330
23 28 66
23 29 370
23 30 11
23 31 284
23 32 395
23 34 321
23 35 300
23 36 20
23 37 107
23 38 195
23 40 79
23 41 125
23 43 399
23 45 250
23 46 44
23 47 241
23 49 217
23 51 173
23 52 347
23 53 125
23 54 40
23 55 116
23 56 430
23 57 276
23 59 297
23 60 399
23 61 262
23 62 96
23 63 258
23 64 309
23 65 432
23 66 481
23 67 434
23 68 44
23 69 270
23 71 261
23 72 207
23 73 183
23 74 96
23 75 417
23 76 328
23 77 212
23 78 125
23 79 28
23 84 433
23 85 292
23 86 321
23 87 50
23 88 402
23 89 400
23 90 295
23 92 289
23 94 426
23 96 490
23 97 324
23 98 317
23 99 337
23 100 87
24 1 143
24 2 456
24 3 62
24 4 481
24 5 285
24 6 177
24 7 217
24 8 138
24 10 141
24 11 365
24 14 343
24 16 14
24 17 253
24 18 57
24 20 51
24 21 273
24 22 238
24 23 65
24 25 280
24 26 254
24 28 224
24 29 430
24 30 256
24 31 394
24 32 299
24 33 447
24 34 324
24 36 438
24 40 330
24 41 438
24 42 463
24 43 188
24 44 120
24 45 368
24 48 191
24 50 234
24 51 34
24 52 65
24 53 103
24 54 266
24 56 242
24 57 186
24 58 94
24 59 159
24 61 440
24 62 333
24 63 235
24 65 207
24 66 39
24 67 28
24 69 342
24 70 90
24 71 146
24 72 189
24 73 456
24 74 238
24 75 409
24 76 352
24 77 375
24 78 333
24 79 241
24 80 478
24 82 90
24 83 85
24 84 338
24 85 229
24 86 241
24 87 168
24 88 170
24 90 49
24 91 103
24 92 328
24 93 500
24 94 354
24 95 299
24 96 2
24 97 410
24 98 400
25 1 107
25 2 455
25 3 84
25 4 374
25 5 8
25 6 415
25 7 469
25 9 18
25 10 398
25 11 18
25 12 460
25 13 142
25 14 341
25 15 39
25 16 337
25 17 335
25 18 270
25 19 428
25 20 119
25 21 257
25 22 449
25 23 20
25 24 280
25 26 416
25 29 279
25 30 52
25 33 209
25 34 446
25 35 41
25 36 210
25 37 125
25 38 49
25 39 15
25 40 188
25 41 105
25 43 495
25 44 307
25 45 37
25 46 170
25 47 333
25 49 45
25 50 174
25 51 70
25 52 350
25 53 284
25 54 129
25 57 238
25 58 353
25 60 422
25 61 197
25 62 73
25 63 354
25 64 107
25 65 98
25 66 333
25 68 175
25 70 142
25 71 88
25 72 485
25 73 42
25 74 374
25 76 92
25 77 149
25 82 34
25 87 453
25 88 129
25 89 81
25 90 150
25 91 435
25 92 207
25 93 450
25 94 68
25 96 443
25 97 32
25 98 60
25 99 30
26 1 218
26 2 12
26 3 62
26 5 48
26 6 395
26 7 53
26 8 260
26 9 6
26 10 145
26 11 190
26 13 224
26 14 278
26 15 120
26 16 104
26 18 149
26 19 331
26 20 478
26 21 39
26 22 430
26 24 254
26 25 416
26 27 178
26 28 266
26 29 10
26 30 494
26 31 225
26 32 360
26 33 387
26 35 310
26 36 250
26 37 169
26 39 488
26 41 475
26 43 28
26 45 318
26 46 37
26 47 241
26 48 341
26 50 226
26 51 211
26 52 332
26 53 250
26 54 307
26 56 72
26 57 131
26 58 225
26 59 340
26 60 70
26 61 70
26 62 196
26 63 451
26 65 482
26 66 130
26 67 448
26 68 416
26 69 354
26 70 135
26 71 474
26 72 221
26 73 238
26 74 40
26 75 308
26 76 294
26 77 95
26 80 316
26 82 46
26 84 260
26 86 339
26 87 79
26 88 366
26 89 468
26 90 275
26 91 489
26 92 422
26 93 255
26 96 247
26 97 118
26 98 369
26 100 284
27 2 315
27 3 212
27 4 333
27 5 55
27 6 307
27 7 34
27 8 379
27 9 450
27 10 473
27 11 410
27 13 168
27 15 350
27 16 367
27 17 26
27 18 277
27 19 364
27 22 182
27 23 330
27 26 178
27 28 282
27 29 465
27 30 405
27 31 288
27 32 328
27 33 6
27 34 94
27 35 34
27 36 436
27 37 386
27 39 150
27 40 220
27 41 85
27 42 57
27 43 39
27 46 286
27 48 11
27 49 289
27 51 188
27 53 295
27 54 100
27 55 13
27 56 314
27 57 26
27 58 433
27 59 416
27 60 468
27 62 371
27 64 51
27 65 389
27 66 105
27 67 356
27 69 195
27 70 374
27 72 336
27 73 40
27 74 263
27 75 466
27 76 237
27 77 229
27 79 362
27 81 187
27 82 382
27 83 299
27 87 274
27 88 497
27 89 146
27 90 301
27 91 128
27 93 166
27 94 254
27 95 94
27 96 284
27 97 226
27 98 90
27 99 239
27 100 343
28 1 358
28 2 86
28 4 315
28 5 338
28 6 133
28 7 171
28 8 149
28 9 215
28 14 161
28 15 157
28 16 420
28 17 102
28 20 131
28 21 42
28 22 21
28 23 66
28 24 224
28 26 266
28 27 282
28 29 459
28 31 187
28 32 487
28 34 79
28 36 155
28 38 197
28 39 115
28 40 90
28 42 343
28 43 147
28 44 119
28 45 168
28 47 481
28 48 223
28 49 18
28 51 131
28 52 449
28 53 130
28 55 107
28 57 76
28 58 328
28 59 433
28 60 413
28 61 65
28 62 229
28 63 89
28 64 441
28 65 254
28 66 487
28 69 5
28 71 21
28 72 447
28 73 215
28 76 408
28 77 445
28 79 102
28 80 443
28 81 441
28 82 349
28 83 422
28 84 345
28 85 207
28 86 381
28 87 138
28 88 432
28 89 401
28 90 118
28 91 114
28 92 29
28 93 131
28 94 392
28 95 369
28 96 303
28 97 331
28 98 184
28 99 368
28 100 5
29 1 118
29 2 356
29 6 2
29 7 62
29 8 346
29 9 196
29 10 467
29 11 447
29 12 383
29 13 417
29 16 221
29 17 308
29 20 380
29 21 190
29 22 19
29 23 370
29 24 430
29 25 279
29 26 10
29 27 465
29 28 459
29 30 370
29 32 104
29 33 408
29 35 85
29 36 250
29 38 444
29 39 461
29 40 59
29 41 460
29 43 324
29 44 369
29 45 90
29 46 284
29 47 367
29 48 240
29 49 87
29 50 158
29 51 17
29 52 396
29 53 5
29 54 22
29 55 284
29 57 496
29 58 190
29 59 260
29 61 217
29 62 263
29 63 336
29 64 499
29 65 189
29 66 27
29 67 205
29 68 245
29 69 433
29 70 362
29 73 426
29 74 257
29 75 481
29 76 319
29 77 439
29 78 85
29 81 434
29 82 400
29 83 216
29 84 302
29 85 378
29 86 5
29 87 262
29 88 241
29 89 342
29 90 277
29 91 3
29 92 416
29 94 216
29 95 47
29 96 256
29 97 417
29 98 442
29 99 371
29 100 118
30 1 54
30 2 221
30 3 290
30 4 431
30 5 210
30 6 458
30 7 9
30 8 390
30 9 183
30 10 98
30 11 445
30 12 293
30 13 30
30 14 90
30 15 347
30 16 51
30 17 176
30 19 10
30 20 309
30 21 107
30 22 291
30 23 11
30 24 256
30 25 52
30 26 494
30 27 405
30 29 370
30 31 386
30 32 237
30 33 452
30 34 2
30 35 403
30 36 8
30 37 408
30 38 327
30 39 254
30 40 240
30 41 251
30 43 452
30 44 265
30 45 411
30 46 375
30 47 65
30 48 414
30 49 96
30 50 98
30 51 170
30 52 349
30 53 417
30 54 156
30 56 306
30 57 441
30 58 227
30 60 146
30 61 286
30 62 394
30 63 167
30 64 218
30 65 327
30 66 307
30 67 425
30 68 303
30 69 267
30 70 126
30 71 83
30 72 390
30 73 170
30 74 229
30 75 437
30 76 356
30 78 262
30 79 318
30 81 269
30 82 52
30 83 486
30 84 391
30 85 193
30 86 273
30 87 468
30 88 148
30 89 178
30 90 237
30 91 340
30 92 296
30 93 457
30 94 59
30 95 482
30 97 335
30 99 117
30 100 124
31 4 186
31 5 385
31 6 423
31 7 129
31 8 443
31 9 78
31 10 218
31 11 414
31 12 494
31 13 66
31 14 183
31 15 102
31 16 489
31 17 96
31 18 124
31 19 149
31 20 239
31 22 52
31 23 284
31 24 394
31 26 225
31 27 288
31 28 187
31 30 386
31 33 27
31 34 334
31 35 116
31 37 373
31 38 226
31 39 227
31 41 396
31 42 486
31 43 318
31 44 212
31 45 317
31 46 238
31 47 269
31 48 380
31 49 485
31 50 217
31 51 408
31 52 272
31 53 86
31 54 260
31 55 170
31 56 119
31 58 119
31 59 292
31 60 343
31 61 174
31 62 131
31 63 76
31 64 479
31 65 153
31 67 392
31 68 204
31 69 12
31 70 208
31 71 298
31 72 194
31 73 299
31 76 154
31 77 207
31 78 86
31 80 440
31 81 358
31 83 282
31 84 251
31 86 381
31 87 287
31 88 433
31 90 218
31 91 102
31 93 428
31 94 495
31 95 434
31 96 488
31 99 96
31 100 120
32 1 427
32 2 13
32 3 311
32 4 17
32 7 156
32 8 241
32 9 171
32 11 188
32 12 472
32 15 500
32 16 445
32 18 144
32 19 110
32 20 150
32 21 323
32 22 401
32 23 395
32 24 299
32 26 360
32 27 328
32 28 487
32 29 104
32 30 237
32 34 471
32 35 453
32 36 273
32 38 314
32 39 326
32 40 82
32 41 299
32 42 423
32 43 71
32 44 77
32 45 412
32 46 296
32 47 96
32 48 102
32 51 323
32 52 388
32 53 279
32 54 87
32 55 119
32 56 127
32 57 482
32 58 141
32 59 51
32 60 185
32 62 338
32 64 258
32 65 339
32 66 409
32 68 394
32 69 132
32 70 402
32 71 270
32 73 109
32 74 247
32 75 340
32 76 487
32 77 315
32 78 66
32 80 429
32 81 174
32 82 47
32 83 84
32 85 26
32 86 83
32 87 394
32 88 45
32 89 351
32 90 338
32 94 436
32 95 116
32 96 462
32 97 486
32 98 161
32 100 275
33 2 474
33 5 26
33 6 195
33 7 155
33 8 286
33 9 270
33 10 293
33 11 210
33 12 370
33 13 102
33 14 68
33 16 234
33 17 236
33 18 13
33 19 55
33 20 333
33 21 355
33 24 447
33 25 209
33 26 387
33 27 6
33 29 408
33 30 452
33 31 27
33 34 83
33 35 2
33 36 457
33 37 421
33 38 394
33 40 282
33 42 353
33 43 54
33 44 312
33 45 328
33 46 421
33 47 23
33 48 166
33 49 352
33 50 381
33 51 9
33 52 342
33 53 387
33 55 139
33 56 461
33 57 121
33 58 494
33 59 350
33 60 195
33 61 358
33 62 230
33 64 224
33 65 152
33 66 207
33 67 284
33 69 106
33 71 17
33 72 362
33 73 395
33 74 166
33 75 480
33 76 90
33 77 171
33 78 134
33 79 420
33 80 245
33 82 2
33 83 410
33 84 246
33 85 415
33 86 361
33 87 434
33 89 363
33 90 438
33 91 90
33 92 76
33 93 338
33 94 171
33 95 177
33 97 34
33 98 111
33 100 168
34 1 303
34 3 163
34 4 76
34 5 209
34 8 85
34 9 255
34 11 188
34 12 264
34 13 150
34 15 72
34 16 339
34 17 199
34 18 14
34 21 332
34 22 407
34 23 321
34 24 324
34 25 446
34 27 94
34 28 79
34 30 2
34 31 334
34 32 471
34 33 83
34 35 441
34 36 316
34 37 221
34 38 314
34 39 76
34 40 369
34 41 323
34 42 310
34 43 480
34 44 133
34 45 160
34 46 473
34 47 363
34 49 156
34 50 451
34 52 144
34 53 448
34 54 391
34 55 319
34 56 297
34 57 363
34 58 420
34 59 489
34 60 189
34 61 100
34 63 194
34 64 464
34 65 218
34 67 311
34 68 76
34 69 443
34 72 318
34 73 24
34 74 74
34 75 128
34 78 475
34 79 260
34 81 376
34 82 361
34 83 347
34 84 30
34 85 218
34 86 149
34 87 215
34 88 158
34 89 313
34 90 185
34 91 220
34 92 350
34 93 31
34 94 365
34 95 433
34 96 23
34 97 214
34 98 320
34 99 278
34 100 288
35 1 345
35 2 324
35 3 139
35 4 285
35 5 299
35 6 93
35 7 431
35 8 438
35 9 391
35 10 487
35 11 81
35 12 86
35 13 418
35 15 152
35 16 145
35 17 150
35 20 289
35 21 23
35 22 313
35 23 300
35 25 41
35 26 310
35 27 34
35 29 85
35 30 403
35 31 116
35 32 453
35 33 2
35 34 441
35 36 458
35 37 333
35 38 405
35 39 249
35 40 483
35 41 218
35 44 185
35 45 182
35 46 142
35 47 379
35 48 290
35 49 396
35 51 171
35 52 176
35 53 6
35 54 32
35 55 488
35 57 191
35 58 101
35 59 362
35 60 237
35 61 113
35 62 79
35 63 499
35 65 395
35 66 61
35 67 318
35 68 468
35 69 181
35 70 43
35 71 148
35 72 223
35 73 139
35 74 170
35 75 255
35 76 260
35 77 93
35 78 456
35 81 178
35 82 449
35 83 264
35 84 63
35 86 483
35 88 424
35 89 345
35 91 355
35 94 280
35 95 201
35 96 377
35 97 413
35 99 468
35 100 499
36 1 176
36 2 55
36 3 173
36 4 361
36 6 328
36 7 259
36 8 72
36 9 264
36 10 105
36 11 59
36 12 46
36 13 244
36 14 382
36 16 175
36 17 440
36 18 486
36 20 462
36 21 475
36 22 257
36 23 20
36 24 438
36 25 210
36 26 250
36 27 436
36 28 155
36 29 250
36 30 8
36 32 273
36 33 457
36 34 316
36 35 458
36 38 39
36 39 456
36 41 279
36 42 373
36 43 345
36 44 21
36 45 53
36 46 26
36 47 112
36 48 174
36 49 288
36 50 33
36 51 444
36 54 51
36 56 378
36 57 386
36 59 213
36 61 261
36 63 41
36 64 326
36 67 31
36 68 135
36 69 316
36 70 53
36 71 325
36 72 125
36 73 439
36 76 174
36 77 440
36 79 340
36 80 111
36 82 35
36 83 314
36 85 329
36 86 150
36 91 464
36 92 55
36 94 118
36 95 337
36 96 216
36 97 109
36 99 154
36 100 319
37 1 133
37 2 485
37 3 378
37 4 340
37 5 178
37 7 164
37 8 460
37 12 148
37 14 151
37 16 11
37 18 81
37 19 352
37 20 321
37 21 346
37 22 324
37 23 107
37 25 125
37 26 169
37 27 386
37 30 408
37 31 373
37 33 421
37 34 221
37 35 333
37 38 170
37 41 110
37 42 181
37 43 248
37 44 456
37 45 364
37 47 80
37 48 430
37 49 114
37 52 444
37 53 240
37 54 127
37 55 99
37 56 482
37 57 252
37 58 193
37 59 84
37 60 46
37 61 339
37 64 196
37 65 346
37 66 121
37 67 263
37 69 359
37 70 309
37 71 207
37 72 13
37 73 310
37 75 163
37 76 399
37 77 45
37 78 260
37 79 358
37 80 94
37 81 307
37 82 482
37 83 369
37 84 466
37 85 335
37 86 228
37 87 474
37 88 128
37 89 424
37 90 414
37 91 142
37 92 37
37 93 331
37 94 324
37 95 382
37 96 493
37 97 380
37 98 239
37 99 450
37 100 145
38 1 227
38 2 27
38 3 391
38 4 3
38 5 267
38 7 17
38 8 310
38 9 444
38 10 286
38 11 258
38 12 123
38 13 414
38 14 482
38 15 379
38 16 476
38 17 5
38 18 109
38 19 273
38 20 140
38 21 402
38 22 128
38 23 195
38 25 49
38 28 197
38 29 444
38 30 327
38 31 226
38 32 314
38 33 394
38 34 314
38 35 405
38 36 39
38 37 170
38 39 304
38 40 427
38 41 37
38 42 290
38 43 420
38 44 280
38 45 231
38 46 150
38 47 479
38 48 95
38 49 451
38 50 403
38 51 398
38 52 368
38 53 408
38 54 317
38 55 44
38 56 491
38 57 290
38 58 272
38 60 328
38 61 325
38 63 101
38 64 56
38 65 35
38 66 214
38 67 140
38 68 51
38 69 354
38 71 126
38 72 2
38 73 120
38 74 61
38 75 311
38 76 412
38 77 258
38 78 318
38 79 375
38 81 355
38 82 400
38 83 332
38 84 351
38 85 194
38 86 230
38 87 124
38 88 225
38 89 484
38 91 495
38 92 47
38 94 171
38 96 389
38 97 76
38 98 392
38 100 392
39 2 397
39 3 389
39 4 320
39 5 429
39 6 161
39 7 96
39 8 404
39 9 227
39 10 148
39 11 137
39 13 101
39 15 150
39 17 312
39 19 413
39 20 483
39 21 389
39 22 96
39 25 15
39 26 488
39 27 150
39 28 115
39 29 461
39 30 254
39 31 227
39 32 326
39 34 76
39 35 249
39 36 456
39 38 304
39 40 72
39 41 173
39 42 500
39 43 322
39 44 244
39 45 81
39 46 52
39 47 394
39 49 312
39 50 355
39 51 159
39 52 328
39 54 407
39 56 38
39 57 79
39 59 281
39 60 281
39 61 203
39 62 87
39 63 140
39 64 233
39 67 114
39 68 427
39 69 17
39 70 226
39 71 301
39 72 124
39 73 159
39 74 132
39 75 125
39 79 214
39 81 384
39 82 192
39 83 349
39 85 313
39 86 132
39 87 143
39 88 304
39 89 82
39 90 273
39 91 416
39 92 85
39 93 119
39 94 364
39 95 454
39 96 228
39 98 26
39 99 26
40 1 454
40 2 149
40 3 173
40 4 52
40 5 5
40 6 220
40 9 155
40 10 292
40 12 306
40 13 426
40 14 446
40 15 491
40 16 138
40 18 439
40 19 487
40 20 322
40 21 2
40 22 389
40 23 79
40 24 330
40 25 188
40 27 220
40 28 90
40 29 59
40 30 240
40 32 82
40 33 282
40 34 369
40 35 483
40 38 427
40 39 72
40 41 202
40 42 339
40 43 288
40 45 352
40 46 78
40 47 212
40 48 108
40 49 330
40 50 349
40 51 446
40 52 217
40 53 244
40 54 57
40 55 82
40 56 490
40 58 346
40 59 289
40 60 220
40 62 388
40 63 333
40 64 187
40 65 439
40 66 11
40 67 182
40 68 181
40 69 489
40 70 489
40 72 469
40 73 443
40 75 130
40 78 213
40 79 139
40 81 440
40 82 122
40 83 72
40 84 162
40 86 114
40 87 409
40 89 417
40 90 136
40 91 415
40 93 158
40 94 174
40 96 259
40 98 39
40 99 258
40 100 84
41 2 497
41 3 425
41 5 115
41 6 18
41 7 13
41 8 268
41 9 121
41 11 500
41 13 12
41 15 443
41 16 281
41 17 270
41 19 367
41 20 354
41 21 397
41 22 449
41 23 125
41 24 438
41 25 105
41 26 475
41 27 85
41 29 460
41 30 251
41 31 396
41 32 299
41 34 323
41 35 218
41 36 279
41 37 110
41 38 37
41 39 173
41 40 202
41 42 382
41 43 322
41 45 439
41 46 295
41 47 214
41 48 112
41 49 345
41 51 372
41 52 4
41 54 452
41 55 206
41 56 269
41 57 310
41 58 395
41 60 295
41 61 475
41 62 325
41 66 133
41 67 499
41 68 16
41 69 164
41 71 496
41 72 419
41 73 286
41 74 33
41 76 482
41 79 66
41 80 294
41 82 451
41 83 134
41 85 105
41 86 169
41 87 278
41 88 394
41 89 323
41 90 361
41 91 181
41 92 200
41 93 120
41 95 150
41 96 162
41 97 325
41 99 56
41 100 470
42 1 319
42 2 291
42 3 401
42 4 379
42 5 190
42 7 303
42 9 2
42 10 156
42 12 415
42 13 34
42 14 364
42 16 87
42 17 172
42 18 493
42 20 75
42 22 379
42 24 463
42 27 57
42 28 343
42 31 486
42 32 423
42 33 353
42 34 310
42 36 373
42 37 181
42 38 290
42 39 500
42 40 339
42 41 382
42 43 347
42 44 292
42 45 446
42 46 257
42 47 42
42 48 83
42 50 353
42 51 355
42 52 423
42 53 33
42 54 3
42 58 195
42 59 428
42 60 234
42 61 449
42 62 157
42 63 390
42 64 408
42 65 469
42 66 240
42 68 402
42 69 200
42 70 351
42 71 397
42 72 247
42 73 431
42 76 398
42 78 359
42 79 488
42 80 485
42 81 123
42 82 125
42 83 21
42 84 127
42 85 319
42 86 249
42 90 381
42 92 201
42 93 4
42 94 386
42 95 125
42 96 98
42 97 448
42 98 214
42 99 256
42 100 215
43 2 434
43 3 83
43 6 485
43 7 81
43 8 8
43 9 359
43 10 215
43 11 100
43 12 160
43 13 47
43 14 110
43 15 419
43 17 341
43 18 143
43 19 278
43 20 333
43 22 233
43 23 399
43 24 188
43 25 495
43 26 28
43 27 39
43 28 147
43 29 324
43 30 452
43 31 318
43 32 71
43 33 54
43 34 480
43 36 345
43 37 248
43 38 420
43 39 322
43 40 288
43 41 322
43 42 347
43 45 194
43 46 11
43 47 56
43 48 291
43 50 355
43 51 187
43 52 103
43 53 103
43 54 188
43 56 409
43 57 360
43 58 477
43 59 245
43 60 231
43 61 193
43 62 158
43 63 248
43 64 225
43 65 197
43 67 330
43 68 185
43 69 79
43 70 444
43 72 304
43 76 39
43 77 489
43 79 436
43 80 162
43 83 170
43 84 482
43 85 280
43 86 362
43 87 298
43 88 125
43 90 139
43 91 495
43 92 339
43 93 257
43 94 396
43 95 228
43 96 246
43 97 347
43 99 367
43 100 327
44 1 157
44 2 412
44 4 52
44 5 373
44 7 205
44 8 446
44 9 329
44 11 42
44 12 96
44 13 319
44 14 358
44 15 234
44 16 285
44 17 12
44 18 268
44 20 202
44 22 183
44 24 120
44 25 307
44 28 119
44 29 369
44 30 265
44 31 212
44 32 77
44 33 312
44 34 133
44 35 185
44 36 21
44 37 456
44 38 280
44 39 244
44 42 292
44 46 170
44 47 267
44 48 117
44 49 355
44 50 354
44 51 121
44 53 471
44 54 483
44 56 414
44 57 474
44 58 35
44 60 79
44 61 299
44 62 353
44 63 9
44 64 327
44 65 44
44 66 102
44 67 114
44 68 447
44 69 425
44 70 110
44 71 374
44 72 212
44 73 302
44 74 171
44 75 433
44 76 344
44 77 215
44 78 431
44 79 336
44 80 459
44 81 281
44 82 221
44 83 31
44 84 123
44 85 317
44 86 491
44 87 73
44 88 394
44 90 177
44 91 54
44 93 155
44 94 5
44 96 377
44 97 43
44 98 287
44 99 128
44 100 87
45 1 429
45 2 337
45 3 37
45 4 448
45 5 429
45 6 165
45 7 46
45 8 343
45 9 174
45 11 271
45 13 19
45 14 393
45 15 316
45 16 170
45 17 43
45 18 45
45 19 300
45 20 234
45 22 78
45 23 250
45 24 368
45 25 37
45 26 318
45 28 168
45 29 90
45 30 411
45 31 317
45 32 412
45 33 328
45 34 160
45 35 182
45 36 53
45 37 364
45 38 231
45 39 81
45 40 352
45 41 439
45 42 446
45 43 194
45 46 157
45 48 131
45 49 338
45 50 48
45 51 287
45 52 392
45 53 37
45 54 273
45 55 278
45 56 483
45 57 309
45 61 419
45 62 267
45 63 190
45 66 331
45 67 461
45 68 365
45 70 344
45 71 249
45 72 88
45 73 301
45 74 228
45 75 401
45 76 214
45 77 101
45 78 369
45 80 115
45 81 167
45 83 70
45 84 449
45 85 128
45 86 254
45 87 30
45 88 11
45 89 335
45 90 116
45 91 19
45 92 95
45 93 56
45 94 74
45 95 286
45 96 437
45 97 42
45 98 274
45 99 267
45 100 206
46 1 481
46 2 57
46 3 7
46 4 316
46 5 265
46 7 396
46 8 139
46 9 155
46 12 465
46 13 191
46 14 22
46 15 95
46 16 473
46 17 248
46 18 232
46 19 88
46 20 254
46 22 369
46 23 44
46 25 170
46 26 37
46 27 286
46 29 284
46 30 375
46 31 238
46 32 296
46 33 421
46 34 473
46 35 142
46 36 26
46 38 150
46 39 52
46 40 78
46 41 295
46 42 257
46 43 11
46 44 170
46 45 157
46 47 379
46 48 144
46 49 180
46 51 125
46 52 106
46 53 401
46 55 248
46 56 424
46 57 182
46 58 369
46 60 159
46 61 347
46 62 485
46 63 167
46 66 411
46 67 118
46 68 134
46 69 245
46 70 112
46 71 452
46 72 102
46 73 232
46 74 324
46 75 142
46 77 241
46 78 171
46 79 106
46 80 91
46 81 82
46 82 28
46 83 91
46 84 221
46 85 189
46 86 428
46 87 110
46 88 464
46 89 98
46 90 58
46 92 235
46 93 45
46 94 107
46 95 39
46 96 118
46 97 347
46 98 132
46 99 96
47 1 165
47 2 122
47 3 144
47 4 260
47 5 178
47 7 118
47 8 190
47 9 397
47 11 49
47 12 108
47 13 111
47 14 494
47 15 498
47 16 481
47 17 116
47 18 220
47 19 334
47 21 198
47 22 61
47 23 241
47 25 333
47 26 241
47 28 481
47 29 367
47 30 65
47 31 269
47 32 96
47 33 23
47 34 363
47 35 379
47 36 112
47 37 80
47 38 479
47 39 394
47 40 212
47 41 214
47 42 42
47 43 56
47 44 267
47 46 379
47 48 69
47 49 160
47 52 210
47 53 323
47 54 425
47 55 348
47 57 436
47 58 286
47 59 356
47 60 63
47 61 195
47 62 383
47 63 484
47 64 89
47 65 352
47 68 378
47 69 478
47 70 291
47 73 361
47 75 86
47 77 482
47 78 333
47 79 280
47 80 192
47 81 350
47 82 255
47 83 183
47 85 29
47 86 447
47 87 140
47 88 419
47 89 116
47 90 474
47 91 22
47 92 340
47 93 361
47 94 28
47 95 297
47 96 146
47 97 135
47 99 237
47 100 7
48 2 476
48 3 325
48 4 460
48 5 248
48 6 80
48 8 130
48 9 426
48 10 223
48 12 86
48 13 64
48 14 63
48 15 231
48 16 90
48 17 435
48 18 422
48 19 286
48 20 392
48 21 472
48 22 302
48 24 191
48 26 341
48 27 11
48 28 223
48 29 240
48 30 414
48 31 380
48 32 102
48 33 166
48 35 290
48 36 174
48 37 430
48 38 95
48 40 108
48 41 112
48 42 83
48 43 291
48 44 117
48 45 131
48 46 144
48 47 69
48 49 321
48 51 17
48 53 271
48 55 1
48 56 117
48 57 214
48 58 336
48 60 37
48 61 203
48 62 266
48 63 227
48 64 435
48 65 331
48 66 445
48 67 334
48 68 326
48 70 32
48 71 399
48 73 493
48 74 460
48 75 387
48 76 483
48 77 286
48 78 256
48 80 122
48 81 496
48 82 71
48 83 124
48 84 114
48 85 127
48 86 481
48 88 189
48 90 395
48 91 245
48 92 49
48 93 261
48 94 482
48 95 420
48 96 46
48 97 2
48 98 378
48 99 369
48 100 318
49 2 218
49 3 395
49 5 201
49 6 454
49 7 186
49 8 330
49 9 460
49 11 181
49 12 26
49 14 324
49 15 349
49 17 43
49 18 287
49 19 130
49 20 357
49 21 209
49 22 471
49 23 217
49 25 45
49 27 289
49 28 18
49 29 87
49 30 96
49 31 485
49 33 352
49 34 156
49 35 396
49 36 288
49 37 114
49 38 451
49 39 312
49 40 330
49 41 345
49 44 355
49 45 338
49 46 180
49 47 160
49 48 321
49 52 452
49 53 298
49 54 374
49 55 440
49 56 260
49 57 320
49 58 315
49 59 348
49 60 380
49 61 484
49 62 159
49 63 173
49 64 99
49 65 397
49 67 363
49 68 462
49 69 102
49 70 146
49 71 7
49 72 373
49 73 179
49 74 456
49 75 403
49 77 151
49 78 384
49 79 131
49 80 128
49 82 471
49 83 177
49 84 1
49 85 13
49 86 444
49 87 191
49 88 482
49 89 205
49 92 495
49 94 440
49 96 265
49 98 11
49 99 321
49 100 499
50 1 130
50 3 418
50 4 30
50 5 500
50 6 377
50 7 246
50 8 466
50 9 380
50 10 37
50 11 110
50 13 193
50 14 469
50 16 307
50 17 249
50 18 490
50 19 108
50 20 252
50 21 485
50 22 211
50 24 234
50 25 174
50 26 226
50 29 158
50 30 98
50 31 217
50 33 381
50 34 451
50 36 33
50 38 403
50 39 355
50 40 349
50 42 353
50 43 355
50 44 354
50 45 48
50 51 181
50 53 317
50 54 429
50 56 244
50 57 164
50 58 209
50 61 187
50 62 217
50 64 178
50 65 148
50 67 315
50 68 495
50 69 172
50 70 414
50 71 408
50 72 386
50 73 347
50 74 445
50 76 317
50 77 189
50 78 454
50 79 429
50 80 238
50 81 259
50 82 68
50 84 237
50 85 221
50 86 492
50 87 404
50 89 412
50 90 355
50 91 486
50 92 493
50 93 357
50 96 332
50 97 137
50 98 469
50 99 398
51 1 37
51 2 217
51 3 69
51 5 163
51 6 264
51 7 241
51 8 38
51 9 59
51 10 399
51 11 200
51 12 339
51 13 70
51 14 30
51 15 269
51 16 248
51 17 8
51 18 24
51 20 484
51 21 40
51 22 490
51 23 173
51 24 34
51 25 70
51 26 211
51 27 188
51 28 131
51 29 17
51 30 170
51 31 408
51 32 323
51 33 9
51 35 171
51 36 444
51 38 398
51 39 159
51 40 446
51 41 372
51 42 355
51 43 187
51 44 121
51 45 287
51 46 125
51 48 17
51 50 181
51 52 416
51 53 176
51 54 365
51 56 428
51 57 417
51 58 474
51 61 452
51 62 150
51 63 451
51 65 245
51 66 202
51 67 12
51 70 291
51 71 395
51 72 482
51 74 335
51 75 458
51 76 105
51 77 33
51 78 153
51 80 486
51 81 441
51 82 459
51 83 354
51 84 205
51 85 435
51 86 106
51 88 427
51 89 218
51 90 146
51 91 48
51 92 122
51 93 135
51 94 369
51 95 99
51 96 222
51 98 489
51 99 117
51 100 249
52 1 249
52 3 472
52 4 353
52 5 413
52 7 426
52 9 219
52 10 329
52 11 392
52 12 468
52 13 298
52 14 435
52 15 74
52 16 235
52 17 133
52 19 314
52 20 93
52 21 340
52 23 347
52 24 65
52 25 350
52 26 332
52 28 449
52 29 396
52 30 349
52 31 272
52 32 388
52 33 342
52 34 144
52 35 176
52 37 444
52 38 368
52 39 328
52 40 217
52 41 4
52 42 423
52 43 103
52 45 392
52 46 106
52 47 210
52 49 452
52 51 416
52 53 406
52 54 375
52 57 239
52 58 86
52 61 377
52 62 20
52 63 388
52 64 385
52 65 144
52 66 301
52 68 87
52 69 212
52 70 3
52 71 90
52 73 183
52 74 407
52 75 221
52 77 319
52 78 328
52 79 88
52 82 251
52 83 149
52 84 262
52 85 79
52 86 173
52 87 463
52 88 252
52 89 39
52 91 457
52 92 469
52 93 138
52 94 1
52 95 429
52 96 102
52 97 269
52 98 138
52 99 180
52 100 221
53 2 255
53 4 329
53 5 288
53 6 23
53 7 78
53 10 134
53 12 92
53 14 111
53 15 31
53 16 458
53 17 345
53 19 147
53 20 468
53 22 495
53 23 125
53 24 103
53 25 284
53 26 250
53 27 295
53 28 130
53 29 5
53 30 417
53 31 86
53 32 279
53 33 387
53 34 448
53 35 6
53 37 240
53 38 408
53 40 244
53 42 33
53 43 103
53 44 471
53 45 37
53 46 401
53 47 323
53 48 271
53 49 298
53 50 317
53 51 176
53 52 406
53 55 261
53 56 332
53 57 120
53 58 66
53 60 163
53 61 252
53 62 322
53 66 156
53 67 205
53 68 450
53 69 430
53 72 136
53 73 480
53 75 123
53 76 241
53 78 139
53 79 8
53 80 259
53 81 299
