100 7920
1 2 78
1 4 92
1 5 378
1 6 299
1 7 93
1 8 98
1 12 309
1 13 30
1 14 384
1 15 94
1 16 316
1 17 171
1 18 32
1 19 341
1 20 438
1 21 233
1 23 248
1 26 168
1 27 289
1 30 208
1 31 416
1 32 477
1 33 277
1 36 301
1 37 496
1 38 359
1 39 353
1 40 276
1 41 495
1 42 59
1 43 99
1 44 171
1 45 45
1 46 435
1 47 42
1 48 367
1 49 269
1 52 67
1 53 220
1 54 230
1 55 362
1 56 16
1 57 57
1 59 336
1 60 101
1 61 118
1 62 32
1 63 498
1 64 102
1 65 321
1 66 107
1 67 267
1 68 224
1 69 184
1 70 428
1 71 230
1 72 442
1 73 122
1 74 141
1 75 268
1 76 208
1 78 29
1 79 199
1 80 140
1 81 208
1 82 63
1 83 386
1 84 310
1 85 421
1 87 286
1 88 321
1 89 27
1 93 470
1 95 56
1 96 1
1 98 67
1 99 487
1 100 451
2 1 78
2 3 258
2 4 139
2 5 18
2 6 443
2 7 85
2 8 481
2 9 137
2 10 32
2 11 107
2 12 156
2 13 198
2 14 292
2 15 61
2 17 26
2 18 20
2 19 341
2 20 350
2 21 87
2 22 420
2 23 107
2 25 136
2 26 261
2 27 130
2 28 470
2 30 233
2 31 291
2 32 355
2 33 468
2 34 350
2 35 435
2 36 306
2 38 253
2 39 291
2 40 244
2 41 483
2 42 451
2 43 140
2 44 478
2 46 417
2 47 423
2 48 112
2 49 29
2 51 429
2 52 197
2 53 263
2 54 60
2 55 92
2 56 108
2 58 444
2 59 16
2 60 68
2 61 12
2 62 28
2 63 172
2 64 104
2 65 296
2 66 448
2 68 451
2 71 332
2 72 331
2 75 291
2 76 409
2 77 239
2 78 495
2 79 240
2 80 438
2 82 315
2 83 10
2 84 78
2 85 291
2 87 490
2 88 232
2 89 89
2 90 205
2 91 477
2 92 219
2 93 113
2 94 284
2 95 383
2 97 371
2 98 325
2 99 156
2 100 138
3 2 258
3 4 350
3 6 205
3 7 53
3 8 315
3 9 280
3 10 401
3 12 498
3 13 221
3 14 227
3 15 283
3 16 357
3 17 462
3 18 51
3 19 25
3 21 308
3 23 145
3 24 492
3 25 346
3 26 5
3 27 118
3 28 372
3 29 213
3 30 94
3 31 65
3 32 409
3 33 164
3 34 425
3 36 395
3 37 350
3 39 143
3 41 94
3 42 222
3 43 173
3 44 307
3 46 31
3 47 42
3 48 287
3 49 102
3 50 31
3 51 189
3 53 346
3 54 357
3 55 367
3 56 305
3 57 374
3 59 312
3 60 272
3 61 219
3 62 243
3 63 274
3 64 393
3 65 303
3 66 309
3 67 103
3 68 351
3 69 305
3 70 464
3 72 464
3 73 342
3 74 24
3 75 170
3 76 55
3 77 113
3 78 303
3 79 446
3 80 469
3 83 76
3 84 103
3 86 4
3 87 316
3 88 475
3 89 161
3 90 423
3 91 198
3 93 363
3 94 181
3 96 302
3 97 486
3 98 327
3 99 415
4 1 92
4 2 139
4 3 350
4 5 469
4 7 419
4 9 401
4 10 30
4 11 367
4 12 472
4 13 410
4 15 328
4 16 340
4 17 110
4 18 473
4 21 26
4 22 332
4 23 58
4 24 309
4 25 305
4 26 163
4 27 483
4 29 299
4 30 226
4 31 195
4 32 166
4 34 115
4 36 174
4 37 375
4 39 223
4 40 58
4 41 197
4 42 7
4 43 240
4 44 371
4 45 445
4 46 39
4 47 141
4 48 64
4 49 222
4 51 462
4 53 84
4 54 136
4 57 329
4 58 105
4 59 208
4 60 489
4 61 28
4 62 241
4 63 49
4 64 356
4 65 479
4 66 314
4 67 439
4 68 175
4 69 216
4 70 494
4 71 268
4 72 366
4 75 416
4 76 387
4 77 314
4 78 225
4 79 402
4 80 270
4 81 111
4 82 303
4 83 174
4 84 339
4 85 17
4 86 453
4 88 90
4 89 491
4 90 106
4 91 29
4 92 243
4 93 81
4 94 74
4 95 197
4 96 145
4 98 464
4 99 266
4 100 338
5 1 378
5 2 18
5 4 469
5 7 333
5 8 351
5 9 408
5 10 305
5 11 463
5 12 70
5 15 49
5 16 98
5 17 166
5 18 92
5 21 406
5 22 278
5 23 75
5 24 450
5 25 397
5 26 43
5 27 30
5 28 247
5 29 92
5 30 194
5 31 363
5 33 76
5 34 95
5 35 104
5 38 3
5 40 12
5 41 124
5 42 340
5 43 192
5 44 204
5 45 169
5 46 133
5 47 251
5 50 234
5 51 163
5 54 370
5 55 120
5 56 6
5 57 334
5 58 185
5 59 206
5 60 267
5 61 115
5 62 442
5 63 314
5 64 120
5 65 110
5 66 92
5 67 366
5 68 195
5 69 325
5 70 149
5 71 298
5 72 94
5 73 231
5 75 106
5 76 151
5 77 337
5 79 376
5 81 138
5 82 471
5 84 152
5 86 494
5 87 163
5 88 422
5 89 259
5 91 279
5 92 76
5 93 56
5 94 357
5 95 61
5 96 92
5 97 481
5 98 53
5 99 431
6 1 299
6 2 443
6 3 205
6 7 244
6 10 116
6 11 318
6 12 187
6 14 177
6 15 356
6 16 354
6 17 312
6 18 280
6 19 29
6 20 461
6 21 393
6 24 1
6 25 47
6 26 261
6 27 31
6 28 110
6 29 257
6 31 292
6 33 364
6 35 436
6 36 288
6 37 59
6 38 338
6 39 52
6 40 81
6 42 109
6 43 116
6 44 279
6 45 98
6 47 396
6 48 252
6 49 417
6 50 62
6 51 3
6 52 175
6 53 405
6 54 372
6 57 3
6 58 376
6 60 59
6 61 377
6 62 466
6 63 486
6 65 372
6 66 218
6 67 325
6 68 109
6 69 431
6 71 424
6 73 199
6 74 244
6 76 306
6 77 326
6 78 137
6 79 164
6 80 64
6 81 497
6 82 331
6 83 201
6 86 390
6 88 206
6 90 298
6 91 130
6 92 96
6 93 358
6 94 442
6 95 137
6 96 20
6 99 169
7 1 93
7 2 85
7 3 53
7 4 419
7 5 333
7 6 244
7 8 143
7 9 485
7 10 264
7 11 112
7 12 478
7 14 292
7 15 181
7 17 182
7 19 347
7 20 159
7 21 415
7 23 109
7 24 57
7 25 91
7 26 208
7 27 358
7 28 294
7 30 401
7 32 469
7 34 209
7 35 324
7 36 110
7 37 172
7 38 478
7 39 135
7 40 248
7 41 73
7 42 252
7 43 384
7 44 34
7 45 429
7 46 339
7 47 481
7 48 269
7 50 50
7 51 451
7 52 124
7 53 173
7 54 355
7 56 162
7 57 434
7 58 287
7 60 394
7 61 418
7 62 475
7 63 3
7 65 345
7 66 459
7 67 338
7 68 118
7 69 44
7 71 25
7 72 217
7 74 64
7 75 294
7 76 371
7 77 20
7 78 315
7 79 391
7 80 80
7 81 244
7 83 13
7 84 280
7 85 402
7 87 108
7 88 311
7 89 53
7 90 381
7 91 460
7 92 334
7 93 338
7 95 462
7 96 15
7 98 226
7 100 207
8 1 98
8 2 481
8 3 315
8 5 351
8 7 143
8 10 281
8 12 121
8 13 363
8 15 353
8 16 232
8 17 128
8 18 162
8 19 29
8 20 240
8 22 410
8 23 439
8 24 220
8 26 332
8 28 30
8 29 222
8 30 123
8 31 133
8 32 19
8 33 464
8 34 22
8 37 262
8 38 419
8 39 353
8 40 215
8 43 323
8 45 491
8 46 282
8 48 61
8 49 375
8 50 407
8 51 164
8 52 353
8 53 111
8 55 354
8 57 443
8 58 206
8 59 271
8 60 183
8 61 75
8 63 20
8 65 422
8 66 497
8 67 341
8 68 337
8 69 353
8 71 300
8 72 478
8 74 97
8 76 80
8 77 42
8 78 322
8 79 327
8 80 104
8 81 183
8 82 29
8 83 64
8 84 169
8 85 88
8 86 188
8 87 247
8 88 95
8 90 42
8 92 281
8 93 56
8 94 149
8 95 245
8 96 32
8 97 234
8 98 128
8 99 322
8 100 44
9 2 137
9 3 280
9 4 401
9 5 408
9 7 485
9 10 466
9 11 452
9 13 427
9 14 431
9 15 341
9 16 156
9 17 499
9 18 460
9 19 240
9 20 117
9 22 295
9 23 465
9 24 86
9 26 342
9 27 366
9 28 113
9 29 205
9 31 99
9 32 396
9 33 78
9 34 61
9 35 240
9 36 89
9 37 123
9 39 230
9 40 138
9 42 305
9 44 8
9 45 182
9 46 245
9 48 324
9 49 450
9 50 339
9 51 222
9 52 61
9 53 118
9 54 356
9 55 217
9 56 324
9 58 436
9 59 442
9 60 413
9 62 87
9 63 251
9 65 226
9 66 355
9 67 138
9 68 110
9 69 112
9 70 403
9 71 335
9 72 180
9 73 251
9 74 269
9 76 113
9 77 124
9 78 433
9 80 237
9 81 120
9 82 142
9 83 130
9 84 131
9 85 305
9 86 314
9 87 102
9 88 231
9 90 171
9 92 101
9 93 456
9 94 420
9 96 321
9 97 350
9 98 450
9 99 208
9 100 136
10 2 32
10 3 401
10 4 30
10 5 305
10 6 116
10 7 264
10 8 281
10 9 466
10 11 415
10 12 452
10 13 377
10 14 358
10 15 491
10 16 194
10 17 427
10 18 448
10 19 286
10 21 290
10 22 415
10 23 276
10 24 196
10 28 41
10 29 52
10 30 476
10 32 440
10 33 204
10 34 10
10 36 231
10 40 345
10 41 496
10 43 412
10 49 87
10 50 207
10 51 396
10 53 177
10 54 5
10 56 71
10 57 90
10 59 357
10 60 484
10 61 489
10 62 256
10 63 432
10 64 167
10 65 371
10 66 365
10 67 194
10 69 153
10 70 110
10 72 300
10 73 42
10 74 37
10 75 303
10 77 354
10 78 310
10 80 373
10 81 329
10 83 226
10 84 185
10 85 295
10 86 86
10 87 176
10 88 96
10 89 171
10 90 256
10 91 415
10 92 99
10 93 419
10 94 440
10 95 402
10 96 94
10 98 308
10 99 423
10 100 199
11 2 107
11 4 367
11 5 463
11 6 318
11 7 112
11 9 452
11 10 415
11 12 490
11 13 149
11 14 324
11 15 54
11 16 120
11 17 106
11 18 206
11 21 248
11 22 432
11 23 34
11 24 184
11 26 391
11 27 377
11 29 184
11 30 199
11 32 365
11 33 1
11 35 85
11 36 80
11 38 10
11 39 59
11 40 295
11 41 347
11 42 93
11 43 140
11 44 198
11 47 97
11 48 51
11 49 147
11 50 434
11 51 270
11 52 130
11 53 346
11 55 267
11 56 2
11 57 439
11 58 287
11 59 74
11 62 356
11 63 472
11 65 494
11 66 272
11 69 127
11 72 138
11 74 326
11 76 271
11 77 382
11 78 485
11 79 49
11 81 353
11 83 459
11 84 436
11 85 371
11 86 286
11 87 273
11 88 1
11 89 453
11 90 57
11 92 224
11 94 206
11 95 186
11 96 389
11 97 263
11 98 54
11 100 351
12 1 309
12 2 156
12 3 498
12 4 472
12 5 70
12 6 187
12 7 478
12 8 121
12 10 452
12 11 490
12 13 40
12 18 193
12 19 59
12 20 5
12 21 413
12 22 498
12 23 272
12 24 157
12 25 238
12 27 231
12 28 159
12 29 127
12 31 323
12 33 439
12 34 73
12 35 325
12 37 360
12 39 497
12 40 208
12 42 172
12 45 125
12 46 356
12 47 296
12 49 284
12 50 468
12 51 420
12 52 80
12 53 484
12 54 13
12 55 495
12 57 490
12 59 124
12 60 343
12 61 265
12 62 97
12 64 330
12 65 348
12 66 160
12 67 130
12 68 357
12 69 470
12 70 19
12 71 471
12 73 84
12 74 77
12 75 313
12 76 189
12 77 265
12 78 373
12 79 378
12 80 230
12 81 289
12 82 266
12 83 72
12 84 403
12 85 424
12 87 294
12 88 465
12 90 256
12 91 71
12 92 149
12 93 407
12 94 262
12 95 12
12 97 35
12 98 167
12 99 126
12 100 432
13 1 30
13 2 198
13 3 221
13 4 410
13 8 363
13 9 427
13 10 377
13 11 149
13 12 40
13 15 160
13 16 122
13 17 367
13 18 353
13 19 266
13 21 341
13 24 234
13 25 41
13 26 275
13 27 81
13 28 409
13 29 117
13 30 59
13 32 331
13 33 227
13 34 11
13 35 225
13 38 348
13 39 102
13 41 280
13 43 398
13 44 178
13 45 480
13 46 155
13 47 51
13 50 247
13 51 313
13 52 500
13 53 105
13 54 493
13 55 383
13 57 473
13 61 160
13 62 442
13 63 430
13 65 186
13 67 132
13 68 472
13 70 491
13 72 286
13 73 478
13 74 153
13 78 2
13 81 425
13 82 61
13 83 270
13 84 160
13 87 141
13 88 457
13 89 389
13 90 190
13 91 177
13 93 419
13 94 7
13 95 322
13 96 135
13 97 54
13 98 133
13 99 190
13 100 460
14 1 384
14 2 292
14 3 227
14 6 177
14 7 292
14 9 431
14 10 358
14 11 324
14 15 131
14 16 312
14 18 492
14 19 489
14 20 364
14 21 382
14 22 297
14 23 78
14 24 414
14 25 199
14 26 145
14 27 394
14 29 59
14 30 367
14 31 104
14 32 313
14 34 48
14 35 203
14 36 407
14 37 269
14 38 112
14 39 375
14 40 37
14 41 104
14 42 392
14 43 426
14 44 45
14 45 61
14 46 378
14 47 15
14 48 458
14 50 413
14 51 388
14 52 130
14 54 92
14 55 271
14 56 380
14 59 431
14 60 84
14 63 455
14 64 80
14 65 45
14 66 160
14 69 143
14 71 120
14 72 424
14 73 181
14 74 52
14 76 237
14 77 22
14 80 76
14 81 258
14 82 265
14 84 491
14 85 463
14 86 132
14 87 449
14 88 246
14 90 323
14 92 15
14 93 109
14 94 64
14 95 472
14 96 170
14 97 410
14 99 82
14 100 203
15 1 94
15 2 61
15 3 283
15 4 328
15 5 49
15 6 356
15 7 181
15 8 353
15 9 341
15 10 491
15 11 54
15 13 160
15 14 131
15 16 373
15 17 243
15 19 365
15 20 114
15 22 213
15 23 126
15 24 215
15 26 220
15 27 496
15 28 65
15 29 172
15 30 169
15 31 302
15 32 282
15 33 240
15 34 224
15 35 86
15 36 176
15 38 172
15 39 334
15 40 228
15 41 395
15 42 485
15 43 431
15 44 214
15 45 174
15 46 382
15 48 107
15 49 96
15 51 438
15 52 185
15 53 467
15 54 53
15 55 303
15 56 431
15 57 121
15 58 304
15 59 448
15 60 253
15 62 29
15 63 26
15 64 496
15 65 154
15 66 333
15 68 122
15 69 185
15 70 290
15 73 28
15 74 364
15 75 363
15 76 48
15 77 483
15 78 495
15 79 491
15 81 63
15 82 249
15 83 172
15 84 380
15 85 149
15 86 484
15 87 462
15 88 25
15 89 243
15 92 242
15 93 42
15 94 451
15 95 11
15 97 245
15 98 269
15 99 376
15 100 201
16 1 316
16 3 357
16 4 340
16 5 98
16 6 354
16 8 232
16 9 156
16 10 194
16 11 120
16 13 122
16 14 312
16 15 373
16 17 117
16 18 112
16 19 238
16 20 359
16 22 234
16 23 8
16 24 207
16 25 38
16 26 343
16 27 183
16 28 130
16 29 35
16 30 375
16 31 33
16 32 311
16 33 405
16 35 51
16 36 445
16 37 324
16 38 492
16 39 162
16 40 352
16 41 403
16 42 78
16 44 189
16 45 90
16 46 181
16 47 341
16 49 254
16 50 131
16 51 469
16 52 445
16 53 79
16 54 105
16 55 136
16 56 455
16 57 161
16 58 471
16 60 500
16 62 328
16 63 358
16 64 471
16 65 81
16 66 476
16 67 440
16 68 292
16 70 121
16 71 492
16 72 2
16 73 472
16 75 205
16 77 252
16 78 374
16 80 166
16 81 500
16 82 175
16 83 105
16 84 25
16 85 20
16 86 429
16 87 384
16 88 88
16 89 15
16 90 10
16 91 416
16 92 166
16 93 59
16 94 478
16 95 484
16 97 27
16 98 319
16 99 407
16 100 138
17 1 171
17 2 26
17 3 462
17 4 110
17 5 166
17 6 312
17 7 182
17 8 128
17 9 499
17 10 427
17 11 106
17 13 367
17 15 243
17 16 117
17 18 38
17 19 413
17 20 324
17 21 122
17 22 139
17 24 411
17 25 357
17 26 352
17 29 202
17 30 63
17 32 475
17 35 65
17 36 461
17 37 155
17 38 376
17 39 473
17 40 338
17 41 337
17 42 465
17 43 78
17 44 316
17 45 373
17 46 473
17 48 322
17 50 183
17 51 37
17 52 391
17 53 84
17 55 400
17 56 96
17 58 366
17 59 14
17 60 236
17 61 110
17 62 244
17 64 493
17 67 286
17 69 70
17 70 247
17 72 486
17 73 363
17 74 242
17 76 491
17 77 262
17 78 367
17 79 98
17 80 39
17 81 56
17 82 79
17 83 268
17 84 36
17 85 101
17 86 36
17 87 373
17 88 287
17 89 126
17 90 249
17 91 171
17 92 227
17 93 118
17 94 137
17 96 382
17 97 37
17 98 34
17 99 312
17 100 272
18 1 32
18 2 20
18 3 51
18 4 473
18 5 92
18 6 280
18 8 162
18 9 460
18 10 448
18 11 206
18 12 193
18 13 353
18 14 492
18 16 112
18 17 38
18 19 422
18 20 128
18 21 388
18 22 215
18 23 80
18 24 148
18 25 93
18 27 427
18 28 162
18 29 99
18 30 431
18 31 54
18 33 19
18 34 259
18 36 445
18 39 450
18 40 157
18 41 459
18 42 55
18 45 455
18 46 156
18 47 374
18 48 468
18 49 134
18 51 370
18 52 137
18 53 370
18 54 488
18 55 38
18 56 87
18 58 469
18 60 378
18 61 91
18 62 1
18 63 281
18 64 97
18 66 310
18 68 196
18 69 334
18 71 415
18 72 65
18 73 128
18 75 305
18 76 434
18 77 500
18 78 260
18 79 286
18 80 272
18 81 39
18 82 366
18 83 104
18 84 87
18 86 361
18 87 285
18 89 327
18 90 482
18 91 349
18 92 121
18 94 99
18 97 362
18 99 55
19 1 341
19 2 341
19 3 25
19 6 29
19 7 347
19 8 29
19 9 240
19 10 286
19 12 59
19 13 266
19 14 489
19 15 365
19 16 238
19 17 413
19 18 422
19 21 219
19 22 212
19 23 23
19 24 239
19 25 222
19 26 71
19 28 300
19 29 96
19 30 229
19 32 494
19 33 20
19 35 51
19 36 362
19 37 63
19 39 412
19 40 145
19 41 412
19 42 475
19 44 20
19 47 334
19 49 487
19 50 319
19 51 294
19 52 491
19 54 258
19 55 255
19 57 317
19 58 315
19 59 309
19 60 438
19 61 78
19 63 424
19 64 497
19 65 64
19 66 64
19 68 1
19 69 195
19 70 29
19 71 190
19 72 342
19 73 25
19 74 465
19 75 377
19 76 497
19 77 263
19 78 475
19 80 145
19 81 419
19 82 391
19 85 311
19 86 428
19 87 330
19 88 467
19 89 21
19 92 441
19 93 354
19 94 222
19 97 5
19 99 9
20 1 438
20 2 350
20 6 461
20 7 159
20 8 240
20 9 117
20 12 5
20 14 364
20 15 114
20 16 359
20 17 324
20 18 128
20 21 367
20 22 129
20 23 389
20 25 437
20 26 389
20 27 253
20 28 415
20 29 67
20 31 207
20 32 151
20 33 33
20 34 158
20 35 317
20 36 231
20 37 125
20 40 358
20 41 203
20 42 41
20 43 94
20 46 249
20 47 118
20 48 388
20 49 317
20 50 385
20 51 10
20 52 437
20 53 489
20 56 156
20 57 119
20 58 249
20 59 424
20 61 275
20 62 460
20 63 362
20 66 165
20 67 37
20 68 30
20 69 294
20 70 285
20 71 257
20 75 61
20 77 19
20 78 370
20 80 382
20 81 48
20 82 95
20 84 376
20 85 322
20 86 338
20 87 196
20 88 166
20 90 460
20 91 233
20 92 147
20 93 303
20 94 19
20 95 316
20 96 430
20 97 229
20 99 407
20 100 397
21 1 233
21 2 87
21 3 308
21 4 26
21 5 406
21 6 393
21 7 415
21 10 290
21 11 248
21 12 413
21 13 341
21 14 382
21 17 122
21 18 388
21 19 219
21 20 367
21 22 173
21 23 179
21 24 404
21 27 432
21 28 67
21 29 308
21 30 295
21 31 87
21 32 304
21 33 197
21 36 371
21 37 388
21 38 128
21 39 265
21 40 208
21 41 251
21 42 476
21 43 500
21 45 390
21 46 171
21 47 53
21 48 288
21 49 148
21 50 162
21 51 381
21 52 390
21 53 315
21 54 289
21 55 285
21 56 216
21 57 423
21 58 393
21 59 351
21 60 493
21 61 227
21 63 368
21 64 92
21 65 324
21 66 281
21 67 1
21 68 143
21 69 209
21 70 270
21 71 262
21 72 409
21 73 149
21 74 304
21 75 189
21 76 214
21 77 383
21 78 447
21 79 363
21 80 273
21 81 278
21 82 86
21 83 52
21 84 96
21 85 266
21 86 167
21 89 320
21 91 224
21 92 201
21 93 240
21 94 262
21 95 124
21 96 289
21 99 44
21 100 374
22 2 420
22 4 332
22 5 278
22 8 410
22 9 295
22 10 415
22 11 432
22 12 498
22 14 297
22 15 213
22 16 234
22 17 139
22 18 215
22 19 212
22 20 129
22 21 173
22 23 368
22 24 436
22 25 417
22 26 199
22 27 190
22 28 326
22 29 422
22 30 19
22 31 73
22 32 202
22 33 350
22 34 241
22 35 270
22 38 213
22 39 409
22 40 469
22 42 99
22 43 144
22 45 457
22 46 354
22 47 118
22 48 333
22 49 302
22 50 110
22 51 374
22 52 337
22 53 246
22 54 453
22 55 50
22 56 115
22 57 226
22 58 343
22 59 228
22 60 195
22 61 65
22 62 354
22 63 124
22 64 347
22 65 164
22 66 108
22 67 95
22 68 104
22 70 224
22 71 146
22 73 257
22 74 152
22 75 94
22 77 165
22 78 294
22 81 236
22 82 42
22 83 367
22 84 134
22 85 76
22 86 79
22 87 220
22 88 479
22 89 429
22 90 452
22 91 494
22 92 434
22 93 216
22 94 340
22 95 229
22 97 190
22 98 68
22 100 255
23 1 248
23 2 107
23 3 145
23 4 58
23 5 75
23 7 109
23 8 439
23 9 465
23 10 276
23 11 34
23 12 272
23 14 78
23 15 126
23 16 8
23 18 80
23 19 23
23 20 389
23 21 179
23 22 368
23 24 134
23 25 7
23 28 274
23 30 429
23 31 121
23 35 81
23 37 216
23 39 167
23 40 194
23 42 219
23 43 30
23 44 145
23 45 78
23 46 340
23 47 375
23 48 91
23 49 229
23 50 93
23 51 190
23 53 337
23 54 165
23 55 214
23 56 478
23 58 202
23 59 488
23 60 193
23 62 438
23 63 322
23 64 122
23 65 178
23 66 206
23 68 169
23 69 59
23 70 387
23 71 216
23 73 185
23 75 200
23 76 4
23 78 230
23 79 102
23 80 474
23 81 233
23 82 441
23 84 173
23 85 226
23 86 229
23 87 285
23 89 222
23 92 222
23 93 427
23 94 141
23 96 302
23 97 395
23 98 447
23 99 385
23 100 482
24 3 492
24 4 309
24 5 450
24 6 1
24 7 57
24 8 220
24 9 86
24 10 196
24 11 184
24 12 157
24 13 234
24 14 414
24 15 215
24 16 207
24 17 411
24 18 148
24 19 239
24 21 404
24 22 436
24 23 134
24 25 455
24 26 457
24 27 385
24 28 215
24 30 14
24 33 284
24 35 308
24 36 474
24 37 345
24 38 310
24 39 110
24 40 149
24 41 247
24 43 439
24 44 157
24 45 426
24 46 393
24 47 22
24 49 92
24 50 99
24 52 61
24 54 109
24 55 46
24 56 314
24 57 444
24 59 140
24 60 485
24 62 401
24 63 150
24 64 142
24 65 118
24 66 176
24 67 423
24 68 103
24 69 434
24 71 453
24 72 248
24 73 388
24 74 219
24 75 151
24 76 484
24 77 22
24 78 326
24 79 39
24 80 285
24 82 313
24 84 329
24 85 452
24 86 290
24 87 374
24 88 298
24 89 344
24 90 220
24 91 382
24 92 47
24 93 331
24 94 203
24 95 82
24 96 309
24 98 383
24 99 164
24 100 382
25 2 136
25 3 346
25 4 305
25 5 397
25 6 47
25 7 91
25 12 238
25 13 41
25 14 199
25 16 38
25 17 357
25 18 93
25 19 222
25 20 437
25 22 417
25 23 7
25 24 455
25 26 446
25 27 448
25 28 482
25 29 11
25 30 25
25 31 52
25 32 447
25 33 327
25 35 40
25 36 15
25 38 196
25 39 496
25 40 468
25 41 162
25 42 20
25 43 388
25 45 140
25 46 357
25 47 146
25 48 71
25 49 119
25 50 462
25 51 205
25 52 458
25 53 270
25 54 180
25 55 201
25 56 24
25 57 267
25 58 295
25 59 479
25 60 434
25 61 208
25 64 471
25 65 80
25 66 134
25 68 18
25 69 337
25 70 70
25 71 394
25 72 339
25 73 291
25 74 377
25 75 175
25 76 299
25 79 125
25 80 326
25 81 122
25 82 367
25 83 418
25 84 297
25 85 13
25 86 189
25 87 173
25 88 205
25 89 278
25 90 493
25 91 74
25 92 379
25 93 446
25 94 436
25 96 124
25 97 268
25 98 98
25 99 385
25 100 274
26 1 168
26 2 261
26 3 5
26 4 163
26 5 43
26 6 261
26 7 208
26 8 332
26 9 342
26 11 391
26 13 275
26 14 145
26 15 220
26 16 343
26 17 352
26 19 71
26 20 389
26 22 199
26 24 457
26 25 446
26 27 226
26 28 395
26 29 449
26 31 231
26 32 5
26 34 32
26 35 215
26 36 349
26 37 267
26 38 58
26 39 106
26 40 371
26 41 392
26 42 231
26 43 416
26 44 139
26 45 221
26 46 295
26 48 51
26 49 6
26 50 82
26 51 104
26 53 88
26 54 344
26 55 102
26 56 126
26 57 98
26 58 174
26 60 340
26 61 186
26 62 46
26 63 172
26 65 238
26 69 450
26 70 250
26 71 252
26 72 175
26 74 287
26 75 334
26 76 39
26 77 263
26 78 70
26 79 292
26 80 343
26 81 458
26 82 336
26 85 198
26 86 66
26 88 285
26 89 381
26 90 68
26 91 27
26 92 310
26 95 41
26 96 300
26 97 290
26 98 104
26 99 37
26 100 372
27 1 289
27 2 130
27 3 118
27 4 483
27 5 30
27 6 31
27 7 358
27 9 366
27 11 377
27 12 231
27 13 81
27 14 394
27 15 496
27 16 183
27 18 427
27 20 253
27 21 432
27 22 190
27 24 385
27 25 448
27 26 226
27 28 207
27 29 126
27 31 403
27 32 40
27 35 82
27 36 79
27 37 475
27 39 478
27 41 32
27 42 27
27 44 29
27 45 300
27 46 227
27 47 47
27 48 366
27 49 30
27 50 9
27 51 480
27 52 59
27 53 446
27 54 419
27 55 54
27 56 315
27 57 177
27 58 433
27 59 210
27 60 411
27 62 248
27 63 63
27 64 163
27 65 161
27 66 136
27 67 428
27 68 96
27 69 143
27 70 15
27 71 236
27 72 126
27 73 271
27 74 96
27 75 79
27 76 16
27 77 60
27 78 65
27 79 155
27 80 242
27 82 265
27 83 264
27 84 295
27 85 168
27 86 415
27 87 1
27 88 427
27 89 404
27 90 8
27 91 322
27 92 226
27 93 195
27 94 380
27 95 99
27 96 291
27 97 469
27 99 302
27 100 48
28 2 470
28 3 372
28 5 247
28 6 110
28 7 294
28 8 30
28 9 113
28 10 41
28 12 159
28 13 409
28 15 65
28 16 130
28 18 162
28 19 300
28 20 415
28 21 67
28 22 326
28 23 274
28 24 215
28 25 482
28 26 395
28 27 207
28 29 268
28 30 322
28 31 360
28 32 40
28 34 330
28 35 225
28 36 36
28 38 374
28 39 115
28 40 481
28 41 60
28 42 390
28 43 347
28 44 90
28 45 372
28 46 125
28 47 51
28 48 251
28 49 394
28 50 410
28 51 36
28 52 190
28 54 89
28 55 147
28 56 380
28 57 105
28 58 286
28 60 90
28 61 116
28 62 88
28 63 232
28 64 370
28 66 197
28 67 432
28 68 155
28 70 376
28 72 348
28 73 198
28 76 449
28 77 140
28 78 317
28 79 122
28 80 202
28 82 26
28 83 345
28 85 316
28 86 273
28 87 214
28 88 249
28 89 143
28 90 25
28 92 247
28 94 82
28 95 251
28 96 482
28 97 497
28 99 369
28 100 298
29 3 213
29 4 299
29 5 92
29 6 257
29 8 222
29 9 205
29 10 52
29 11 184
29 12 127
29 13 117
29 14 59
29 15 172
29 16 35
29 17 202
29 18 99
29 19 96
29 20 67
29 21 308
29 22 422
29 25 11
29 26 449
29 27 126
29 28 268
29 30 247
29 32 332
29 33 491
29 34 340
29 37 45
29 38 162
29 42 145
29 43 441
29 44 408
29 45 359
29 46 91
29 49 407
29 50 324
29 51 311
29 52 380
29 55 404
29 56 358
29 57 426
29 58 340
29 59 404
29 61 118
29 62 249
29 63 327
29 65 200
29 66 185
29 68 466
29 69 340
29 70 453
29 71 450
29 72 455
29 73 335
29 74 116
29 77 499
29 78 287
29 79 332
29 81 274
29 83 302
29 84 69
29 85 335
29 86 30
29 87 408
29 88 217
29 90 456
29 91 298
29 92 481
29 93 339
29 94 326
29 95 359
29 96 446
29 97 291
29 98 28
30 1 208
30 2 233
30 3 94
30 4 226
30 5 194
30 7 401
30 8 123
30 10 476
30 11 199
30 13 59
30 14 367
30 15 169
30 16 375
30 17 63
30 18 431
30 19 229
30 21 295
30 22 19
30 23 429
30 24 14
30 25 25
30 28 322
30 29 247
30 32 206
30 35 450
30 36 493
30 37 52
30 39 249
30 40 302
30 41 112
30 42 368
30 43 269
30 45 337
30 47 82
30 48 274
30 49 427
30 50 269
30 51 85
30 52 5
30 53 330
30 54 359
30 55 124
30 56 142
30 57 456
30 59 358
30 60 460
30 61 341
30 62 384
30 63 474
30 64 492
30 65 158
30 66 37
30 67 267
30 68 213
30 69 479
30 70 313
30 72 99
30 73 143
30 75 5
30 76 405
30 77 203
30 78 177
30 79 143
30 80 84
30 81 108
30 82 154
30 83 14
30 84 48
30 85 137
30 86 292
30 87 426
30 89 16
30 90 385
30 91 93
30 92 70
30 94 106
30 95 1
30 98 246
30 99 151
30 100 473
31 1 416
31 2 291
31 3 65
31 4 195
31 5 363
31 6 292
31 8 133
31 9 99
31 12 323
31 14 104
31 15 302
31 16 33
31 18 54
31 20 207
31 21 87
31 22 73
31 23 121
31 25 52
31 26 231
31 27 403
31 28 360
31 32 254
31 33 246
31 34 361
31 35 434
31 37 331
31 38 335
31 42 405
31 43 133
31 45 156
31 47 462
31 48 130
31 49 53
31 51 155
31 52 69
31 53 252
31 54 83
31 55 85
31 56 461
31 57 75
31 59 200
31 61 282
31 62 397
31 65 442
31 66 52
31 67 472
31 70 213
31 71 489
31 72 277
31 73 289
31 75 88
31 76 101
31 77 320
31 78 147
31 79 250
31 80 55
31 81 275
31 85 239
31 86 9
31 87 319
31 88 369
31 90 185
31 91 193
31 92 419
31 93 52
31 94 95
31 95 375
31 96 101
31 98 219
31 99 48
32 1 477
32 2 355
32 3 409
32 4 166
32 7 469
32 8 19
32 9 396
32 10 440
32 11 365
32 13 331
32 14 313
32 15 282
32 16 311
32 17 475
32 19 494
32 20 151
32 21 304
32 22 202
32 25 447
32 26 5
32 27 40
32 28 40
32 29 332
32 30 206
32 31 254
32 33 58
32 34 203
32 35 293
32 36 417
32 37 308
32 38 401
32 40 422
32 43 401
32 44 167
32 45 131
32 46 361
32 48 370
32 49 272
32 50 65
32 51 5
32 52 415
32 53 390
32 54 265
32 56 70
32 57 258
32 58 429
32 59 330
32 61 127
32 62 32
32 64 80
32 65 306
32 66 140
32 67 405
32 68 419
32 69 468
32 70 431
32 71 94
32 73 99
32 75 90
32 76 133
32 78 416
32 79 332
32 80 35
32 84 469
32 85 375
32 86 470
32 87 274
32 88 423
32 89 248
32 90 72
32 91 347
32 92 315
32 93 121
32 94 83
32 96 302
32 97 397
32 98 316
32 99 166
32 100 9
33 1 277
33 2 468
33 3 164
33 5 76
33 6 364
33 8 464
33 9 78
33 10 204
33 11 1
33 12 439
33 13 227
33 15 240
33 16 405
33 18 19
33 19 20
33 20 33
33 21 197
33 22 350
33 24 284
33 25 327
33 29 491
33 31 246
33 32 58
33 34 137
33 35 302
33 40 286
33 41 240
33 42 221
33 43 478
33 44 244
33 45 200
33 46 263
33 47 101
33 48 472
33 49 20
33 50 106
33 52 22
33 53 172
33 55 129
33 56 98
33 57 56
33 58 115
33 59 326
33 60 182
33 62 208
33 63 403
33 64 6
33 65 240
33 66 115
33 67 417
33 68 279
33 69 38
33 70 152
33 72 131
33 73 427
33 74 138
33 75 275
33 76 167
33 77 365
33 78 299
33 79 373
33 80 268
33 81 424
33 82 423
33 83 272
33 84 273
33 85 165
33 86 89
33 88 436
33 89 448
33 90 224
33 91 409
33 92 180
33 93 171
33 96 477
33 97 259
33 98 431
33 99 8
33 100 407
34 2 350
34 3 425
34 4 115
34 5 95
34 7 209
34 8 22
34 9 61
34 10 10
34 12 73
34 13 11
34 14 48
34 15 224
34 18 259
34 20 158
34 22 241
34 26 32
34 28 330
34 29 340
34 31 361
34 32 203
34 33 137
34 35 204
34 36 152
34 37 200
34 38 176
34 39 71
34 40 378
34 41 164
34 42 225
34 43 481
34 45 400
34 46 385
34 47 227
34 48 101
34 49 36
34 50 481
34 51 40
34 53 468
34 57 436
34 58 221
34 59 296
34 60 131
34 62 307
34 63 214
34 64 73
34 65 6
34 67 353
34 68 352
34 69 82
34 71 397
34 72 435
34 73 292
34 74 215
34 75 473
34 77 354
34 78 11
34 79 481
34 80 40
34 81 20
34 82 465
34 84 319
34 85 395
34 86 252
34 87 493
34 88 8
34 90 499
34 91 62
34 92 396
34 93 139
34 95 165
34 96 82
34 97 242
34 98 381
34 99 234
34 100 20
35 2 435
35 5 104
35 6 436
35 7 324
35 9 240
35 11 85
35 12 325
35 13 225
35 14 203
35 15 86
35 16 51
35 17 65
35 19 51
35 20 317
35 22 270
35 23 81
35 24 308
35 25 40
35 26 215
35 27 82
35 28 225
35 30 450
35 31 434
35 32 293
35 33 302
35 34 204
35 36 240
35 37 244
35 38 91
35 39 138
35 40 204
35 41 47
35 42 284
35 44 369
35 45 184
35 46 286
35 47 200
35 48 415
35 49 80
35 50 462
35 51 468
35 52 216
35 53 162
35 55 269
35 56 461
35 57 81
35 58 103
35 59 449
35 60 372
35 61 355
35 63 443
35 64 319
35 65 146
35 66 400
35 67 420
35 68 294
35 70 249
35 72 256
35 73 28
35 75 412
35 76 124
35 77 264
35 78 232
35 80 183
35 81 333
35 82 377
35 83 61
35 84 472
35 85 34
35 86 435
35 90 371
35 91 231
35 92 179
35 95 214
35 97 394
35 98 269
35 99 281
35 100 32
36 1 301
36 2 306
36 3 395
36 4 174
36 6 288
36 7 110
36 9 89
36 10 231
36 11 80
36 14 407
36 15 176
36 16 445
36 17 461
36 18 445
36 19 362
36 20 231
36 21 371
36 24 474
36 25 15
36 26 349
36 27 79
36 28 36
36 30 493
36 32 417
36 34 152
36 35 240
36 37 117
36 38 316
36 39 299
36 40 24
36 41 331
36 42 2
36 43 113
36 45 357
36 46 328
36 47 308
36 49 293
36 50 464
36 51 147
36 52 103
36 53 38
36 54 25
36 55 259
36 56 312
36 57 109
36 58 193
36 59 284
36 60 125
36 61 368
36 62 270
36 63 335
36 64 470
36 65 202
36 66 134
36 67 218
36 69 413
36 70 467
36 71 82
36 72 229
36 74 283
36 75 167
36 76 466
36 77 204
36 78 352
36 79 267
36 80 42
36 81 310
36 82 87
36 83 417
36 84 34
36 85 103
36 86 490
36 87 21
36 89 110
36 90 4
36 91 103
36 93 383
36 94 173
36 95 413
36 96 104
36 98 114
36 99 183
36 100 485
37 1 496
37 3 350
37 4 375
37 6 59
37 7 172
37 8 262
37 9 123
37 12 360
37 14 269
37 16 324
37 17 155
37 19 63
37 20 125
37 21 388
37 23 216
37 24 345
37 26 267
37 27 475
37 29 45
37 30 52
37 31 331
37 32 308
37 34 200
37 35 244
37 36 117
37 38 222
37 39 326
37 40 248
37 41 452
37 42 206
37 45 463
37 46 165
37 47 137
37 48 41
37 51 496
37 53 437
37 54 238
37 59 249
37 61 361
37 62 430
37 63 408
37 64 496
37 65 337
37 66 168
37 67 103
37 68 217
37 69 4
37 70 296
37 71 474
37 72 231
37 73 254
37 74 182
37 75 294
37 78 248
37 80 66
37 81 92
37 84 213
37 86 317
37 87 428
37 89 173
37 90 399
37 92 336
37 93 54
37 94 36
37 95 235
37 96 335
37 97 124
37 99 442
37 100 195
38 1 359
38 2 253
38 5 3
38 6 338
38 7 478
38 8 419
38 11 10
38 13 348
38 14 112
38 15 172
38 16 492
38 17 376
38 21 128
38 22 213
38 24 310
38 25 196
38 26 58
38 28 374
38 29 162
38 31 335
38 32 401
38 34 176
38 35 91
38 36 316
38 37 222
38 40 153
38 41 456
38 42 226
38 43 269
38 44 422
38 45 159
38 46 245
38 48 462
38 49 269
38 50 38
38 51 251
38 52 160
38 53 274
38 54 378
38 55 20
38 56 284
38 57 376
38 58 457
38 59 264
38 61 385
38 62 90
38 63 163
38 64 416
38 65 427
38 66 166
38 67 358
38 68 340
38 69 140
38 70 159
38 71 18
38 72 7
38 73 45
38 74 360
38 76 351
38 77 499
38 79 362
38 81 74
38 83 411
38 84 451
38 85 196
38 86 152
38 87 288
38 88 152
38 89 304
38 90 395
38 91 75
38 93 233
38 94 48
38 95 32
38 96 210
38 97 423
38 98 255
38 99 311
38 100 196
39 1 353
39 2 291
39 3 143
39 4 223
39 6 52
39 7 135
39 8 353
39 9 230
39 11 59
39 12 497
39 13 102
39 14 375
39 15 334
39 16 162
39 17 473
39 18 450
39 19 412
39 21 265
39 22 409
39 23 167
39 24 110
39 25 496
39 26 106
39 27 478
39 28 115
39 30 249
39 34 71
39 35 138
39 36 299
39 37 326
39 40 197
39 41 108
39 43 341
39 44 467
39 45 287
39 46 20
39 47 218
39 49 67
39 51 367
39 53 327
39 54 160
39 55 54
39 57 241
39 58 209
39 61 500
39 62 259
39 64 376
39 65 498
39 66 415
39 68 245
39 69 343
39 71 282
39 72 135
39 73 247
39 74 312
39 75 372
39 76 475
39 77 232
39 78 89
39 79 147
39 81 498
39 82 240
39 83 139
39 84 418
39 85 444
39 88 110
39 89 126
39 90 443
39 93 84
39 95 176
39 96 361
39 98 344
39 99 10
39 100 104
40 1 276
40 2 244
40 4 58
40 5 12
40 6 81
40 7 248
40 8 215
40 9 138
40 10 345
40 11 295
40 12 208
40 14 37
40 15 228
40 16 352
40 17 338
40 18 157
40 19 145
40 20 358
40 21 208
40 22 469
40 23 194
40 24 149
40 25 468
40 26 371
40 28 481
40 30 302
40 32 422
40 33 286
40 34 378
40 35 204
40 36 24
40 37 248
40 38 153
40 39 197
40 41 297
40 42 306
40 43 358
40 44 90
40 45 173
40 47 222
40 48 149
40 50 323
40 51 107
40 52 483
40 53 10
40 54 413
40 55 418
40 56 442
40 57 286
40 58 176
40 59 422
40 60 292
40 61 305
40 62 260
40 63 45
40 64 118
40 65 154
40 66 201
40 67 116
40 68 53
40 69 120
40 70 436
40 71 184
40 72 192
40 73 387
40 75 464
40 77 477
40 78 424
40 79 246
40 80 46
40 81 4
40 82 29
40 83 162
40 85 399
40 86 134
40 88 273
40 89 334
40 90 193
40 91 117
40 92 34
40 93 209
40 95 265
40 97 92
40 99 279
41 1 495
41 2 483
41 3 94
41 4 197
41 5 124
41 7 73
41 10 496
41 11 347
41 13 280
41 14 104
41 15 395
41 16 403
41 17 337
41 18 459
41 19 412
41 20 203
41 21 251
41 24 247
41 25 162
41 26 392
41 27 32
41 28 60
41 30 112
41 33 240
41 34 164
41 35 47
41 36 331
41 37 452
41 38 456
41 39 108
41 40 297
41 42 363
41 43 331
41 46 140
41 47 55
41 48 150
41 49 423
41 50 109
41 51 395
41 53 175
41 54 2
41 56 33
41 57 206
41 58 436
41 65 380
41 66 175
41 67 302
41 68 228
41 69 132
41 71 256
41 72 159
41 73 277
41 74 289
41 75 114
41 76 262
41 77 401
41 78 267
41 79 393
41 80 193
41 81 285
41 82 181
41 83 114
41 84 235
41 85 231
41 86 272
41 87 86
41 88 288
41 90 203
41 92 96
41 94 63
41 95 15
41 96 167
41 97 225
41 98 385
41 100 409
42 1 59
42 2 451
42 3 222
42 4 7
42 5 340
42 6 109
42 7 252
42 9 305
42 11 93
42 12 172
42 14 392
42 15 485
42 16 78
42 17 465
42 18 55
42 19 475
42 20 41
42 21 476
42 22 99
42 23 219
42 25 20
42 26 231
42 27 27
42 28 390
42 29 145
42 30 368
42 31 405
42 33 221
42 34 225
42 35 284
42 36 2
42 37 206
42 38 226
42 40 306
42 41 363
42 43 442
42 44 349
42 46 280
42 48 119
42 49 113
42 51 353
42 52 392
42 53 152
42 54 472
42 55 291
42 56 37
42 57 343
42 58 359
42 59 81
42 60 57
42 61 350
42 62 453
42 63 257
42 65 45
42 66 277
42 67 500
42 68 256
42 70 281
42 71 125
42 72 126
42 73 326
42 74 331
42 75 395
42 76 443
42 77 200
42 78 37
42 79 46
42 80 498
42 81 481
42 82 89
42 83 361
42 84 79
42 85 102
42 86 208
42 88 360
42 89 97
42 90 499
42 91 378
42 92 203
42 93 340
42 95 2
42 96 359
42 97 403
42 98 204
42 99 186
42 100 38
43 1 99
43 2 140
43 3 173
43 4 240
43 5 192
43 6 116
43 7 384
43 8 323
43 10 412
43 11 140
43 13 398
43 14 426
43 15 431
43 17 78
43 20 94
43 21 500
43 22 144
43 23 30
43 24 439
43 25 388
43 26 416
43 28 347
43 29 441
43 30 269
43 31 133
43 32 401
43 33 478
43 34 481
43 36 113
43 38 269
43 39 341
43 40 358
43 41 331
43 42 442
43 45 221
43 48 171
43 49 192
43 50 88
43 51 102
43 52 239
43 53 116
43 56 22
43 60 332
43 61 315
43 62 231
43 63 494
43 65 260
43 66 281
43 67 471
43 68 129
43 69 401
43 70 424
43 71 309
43 73 359
43 74 395
43 76 80
43 77 251
43 79 55
43 80 19
43 81 252
43 82 491
43 84 12
43 85 310
43 86 268
43 87 444
43 88 71
43 89 262
43 90 430
43 91 396
43 93 255
43 94 146
43 95 52
43 96 294
43 97 260
43 98 222
43 99 468
43 100 376
44 1 171
44 2 478
44 3 307
44 4 371
44 5 204
44 6 279
44 7 34
44 9 8
44 11 198
44 13 178
44 14 45
44 15 214
44 16 189
44 17 316
44 19 20
44 23 145
44 24 157
44 26 139
44 27 29
44 28 90
44 29 408
44 32 167
44 33 244
44 35 369
44 38 422
44 39 467
44 40 90
44 42 349
44 45 48
44 46 485
44 47 155
44 48 142
44 49 88
44 50 437
44 51 448
44 52 179
44 53 357
44 54 43
44 55 140
44 56 487
44 58 452
44 59 167
44 60 463
44 61 274
44 62 312
44 63 388
44 64 275
44 65 323
44 66 284
44 67 14
44 68 422
44 69 490
44 71 121
44 72 493
44 73 48
44 74 25
44 77 424
44 78 270
44 79 361
44 80 243
44 83 265
44 85 47
44 87 294
44 88 46
44 89 365
44 90 467
44 91 199
44 93 10
44 94 208
44 95 186
44 96 324
44 97 447
44 98 40
44 100 196
45 1 45
45 4 445
45 5 169
45 6 98
45 7 429
45 8 491
45 9 182
45 12 125
45 13 480
45 14 61
45 15 174
45 16 90
45 17 373
45 18 455
45 21 390
45 22 457
45 23 78
45 24 426
45 25 140
45 26 221
45 27 300
45 28 372
45 29 359
45 30 337
45 31 156
45 32 131
45 33 200
45 34 400
45 35 184
45 36 357
45 37 463
45 38 159
45 39 287
45 40 173
45 43 221
45 44 48
45 47 382
45 48 363
45 49 317
45 50 330
45 52 113
45 53 367
45 54 355
45 55 307
45 56 291
45 57 297
45 58 423
45 59 53
45 60 313
45 61 273
45 62 433
45 63 6
45 64 191
45 65 358
45 66 405
45 68 46
45 69 110
45 70 66
45 73 290
45 74 92
45 75 120
45 76 423
45 77 357
45 78 326
45 79 441
45 80 114
45 81 27
45 82 391
45 83 161
45 84 40
45 85 70
45 86 3
45 87 478
45 88 492
45 89 105
45 90 192
45 91 282
45 92 463
45 93 135
45 94 179
45 95 402
45 96 466
45 97 389
45 98 155
45 99 426
45 100 45
46 1 435
46 2 417
46 3 31
46 4 39
46 5 133
46 7 339
46 8 282
46 9 245
46 12 356
46 13 155
46 14 378
46 15 382
46 16 181
46 17 473
46 18 156
46 20 249
46 21 171
46 22 354
46 23 340
46 24 393
46 25 357
46 26 295
46 27 227
46 28 125
46 29 91
46 32 361
46 33 263
46 34 385
46 35 286
46 36 328
46 37 165
46 38 245
46 39 20
46 41 140
46 42 280
46 44 485
46 47 74
46 48 241
46 49 98
46 50 43
46 51 319
46 52 61
46 53 73
46 54 482
46 55 419
46 57 408
46 58 156
46 59 230
46 60 368
46 61 417
46 63 224
46 64 150
46 66 219
46 67 125
46 68 211
46 70 60
46 71 283
46 72 261
46 73 163
46 74 207
46 75 447
46 76 78
46 77 451
46 78 311
46 79 361
46 80 117
46 81 381
46 82 365
46 83 153
46 84 244
46 85 424
46 87 465
46 88 64
46 90 259
46 92 463
46 95 57
46 96 321
46 98 301
46 99 254
46 100 109
47 1 42
47 2 423
47 3 42
47 4 141
47 5 251
47 6 396
47 7 481
47 11 97
47 12 296
47 13 51
47 14 15
47 16 341
47 18 374
47 19 334
47 20 118
47 21 53
47 22 118
47 23 375
47 24 22
47 25 146
47 27 47
47 28 51
47 30 82
47 31 462
47 33 101
47 34 227
47 35 200
47 36 308
47 37 137
47 39 218
47 40 222
47 41 55
47 44 155
47 45 382
47 46 74
47 48 475
47 49 210
47 50 283
47 54 375
47 56 399
47 57 177
47 60 5
47 61 487
47 63 61
47 64 137
47 66 274
47 67 144
47 68 19
47 69 240
47 70 77
47 71 212
47 72 481
47 76 382
47 77 394
47 78 132
47 79 449
47 80 391
47 81 369
47 82 239
47 83 47
47 84 496
47 85 337
47 86 477
47 88 214
47 89 263
47 90 100
47 91 242
47 93 103
47 94 216
47 95 446
47 96 398
47 97 307
47 98 436
47 99 76
47 100 149
48 1 367
48 2 112
48 3 287
48 4 64
48 6 252
48 7 269
48 8 61
48 9 324
48 11 51
48 14 458
48 15 107
48 17 322
48 18 468
48 20 388
48 21 288
48 22 333
48 23 91
48 25 71
48 26 51
48 27 366
48 28 251
48 30 274
48 31 130
48 32 370
48 33 472
48 34 101
48 35 415
48 37 41
48 38 462
48 40 149
48 41 150
48 42 119
48 43 171
48 44 142
48 45 363
48 46 241
48 47 475
48 50 70
48 51 399
48 52 343
48 53 306
48 54 376
48 55 359
48 57 12
48 58 14
48 59 42
48 60 425
48 61 119
48 62 321
48 63 222
48 64 395
48 65 57
48 66 373
48 67 188
48 68 391
48 69 121
48 70 451
48 71 69
48 72 275
48 74 434
48 75 290
48 76 142
48 77 382
48 78 233
48 79 280
48 80 158
48 81 185
48 83 103
48 86 105
48 87 424
48 88 13
48 90 166
48 92 191
48 93 420
48 94 178
48 95 203
48 96 345
48 98 417
48 99 262
48 100 416
49 1 269
49 2 29
49 3 102
49 4 222
49 6 417
49 8 375
49 9 450
49 10 87
49 11 147
49 12 284
49 15 96
49 16 254
49 18 134
49 19 487
49 20 317
49 21 148
49 22 302
49 23 229
49 24 92
49 25 119
49 26 6
49 27 30
49 28 394
49 29 407
49 30 427
49 31 53
49 32 272
49 33 20
49 34 36
49 35 80
49 36 293
49 38 269
49 39 67
49 41 423
49 42 113
49 43 192
49 44 88
49 45 317
49 46 98
49 47 210
49 50 345
49 51 357
49 53 201
49 55 486
49 56 174
49 57 136
49 58 319
49 59 327
49 60 78
49 61 165
49 62 26
49 63 382
49 65 39
49 67 13
49 73 57
49 74 125
49 75 10
49 76 443
49 77 239
49 78 168
49 79 467
49 80 190
49 81 43
49 82 354
49 83 22
49 84 490
49 86 227
49 87 432
49 88 303
49 90 87
49 91 451
49 92 346
49 93 297
49 94 101
49 95 37
49 96 354
49 97 253
49 98 190
49 99 494
49 100 218
50 3 31
50 5 234
50 6 62
50 7 50
50 8 407
50 9 339
50 10 207
50 11 434
50 12 468
50 13 247
50 14 413
50 16 131
50 17 183
50 19 319
50 20 385
50 21 162
50 22 110
50 23 93
50 24 99
50 25 462
50 26 82
50 27 9
50 28 410
50 29 324
50 30 269
50 32 65
50 33 106
50 34 481
50 35 462
50 36 464
50 38 38
50 40 323
50 41 109
50 43 88
50 44 437
50 45 330
50 46 43
50 47 283
50 48 70
50 49 345
50 51 129
50 52 175
50 53 434
50 54 235
50 55 394
50 56 438
50 57 487
50 58 204
50 59 240
50 61 212
50 62 241
50 63 491
50 64 484
50 65 173
50 68 61
50 69 141
50 71 487
50 72 457
50 73 434
50 74 421
50 75 338
50 76 7
50 77 313
50 78 264
50 79 320
50 80 419
50 82 233
50 83 17
50 84 448
50 85 139
50 86 59
50 87 438
50 88 447
50 89 204
50 90 118
50 92 384
50 94 105
50 95 233
50 96 318
50 97 6
50 98 91
50 99 84
50 100 65
51 2 429
51 3 189
51 4 462
51 5 163
51 6 3
51 7 451
51 8 164
51 9 222
51 10 396
51 11 270
51 12 420
51 13 313
51 14 388
51 15 438
51 16 469
51 17 37
51 18 370
51 19 294
51 20 10
51 21 381
51 22 374
51 23 190
51 25 205
51 26 104
51 27 480
51 28 36
51 29 311
51 30 85
51 31 155
51 32 5
51 34 40
51 35 468
51 36 147
51 37 496
51 38 251
51 39 367
51 40 107
51 41 395
51 42 353
51 43 102
51 44 448
51 46 319
51 48 399
51 49 357
51 50 129
51 52 338
51 53 201
51 54 268
51 55 417
51 56 91
51 57 445
51 58 111
51 59 382
51 60 84
51 61 308
51 62 72
51 63 282
51 64 184
51 66 116
51 67 248
51 69 160
51 70 16
51 71 205
51 72 71
51 73 125
51 74 66
51 75 368
51 76 182
51 77 259
51 79 370
51 80 194
51 82 248
51 83 326
51 84 179
51 85 218
51 87 151
51 88 473
51 89 102
51 90 107
51 91 390
51 92 429
51 93 215
51 94 443
51 95 23
51 96 362
51 97 490
51 98 146
51 99 163
51 100 109
52 1 67
52 2 197
52 6 175
52 7 124
52 8 353
52 9 61
52 11 130
52 12 80
52 13 500
52 14 130
52 15 185
52 16 445
52 17 391
52 18 137
52 19 491
52 20 437
52 21 390
52 22 337
52 24 61
52 25 458
52 27 59
52 28 190
52 29 380
52 30 5
52 31 69
52 32 415
52 33 22
52 35 216
52 36 103
52 38 160
52 40 483
52 42 392
52 43 239
52 44 179
52 45 113
52 46 61
52 48 343
52 50 175
52 51 338
52 53 34
52 54 147
52 56 491
52 57 415
52 58 50
52 59 131
52 60 47
52 61 129
52 62 1
52 64 196
52 65 259
52 66 139
52 67 471
52 68 127
52 70 224
52 71 115
52 72 368
52 73 126
52 74 192
52 76 264
52 79 350
52 80 330
52 81 375
52 82 341
52 83 311
52 84 447
52 85 230
52 86 467
52 87 62
52 89 200
52 90 36
52 91 250
52 92 398
52 93 405
52 94 392
52 96 381
52 97 380
52 98 270
52 99 322
52 100 57
53 1 220
53 2 263
53 3 346
53 4 84
53 6 405
53 7 173
53 8 111
53 9 118
53 10 177
53 11 346
53 12 484
53 13 105
53 15 467
53 16 79
53 17 84
53 18 370
53 20 489
53 21 315
53 22 246
53 23 337
53 25 270
53 26 88
53 27 446
53 30 330
53 31 252
53 32 390
53 33 172
53 34 468
53 35 162
53 36 38
53 37 437
53 38 274
53 39 327
53 40 10
53 41 175
53 42 152
53 43 116
53 44 357
53 45 367
53 46 73
53 48 306
53 49 201
53 50 434
53 51 201
53 52 34
53 54 279
53 55 46
53 56 369
53 58 81
53 60 307
53 61 29
53 62 214
53 63 363
53 64 442
53 65 3
53 66 367
53 67 71
53 68 37
53 70 421
53 72 110
53 73 109
53 75 122
53 76 364
53 78 488
53 79 481
53 80 292
53 82 26
53 83 347
53 84 151
53 85 182
53 86 245
53 87 228
53 89 69
53 90 193
53 91 143
53 92 206
53 93 314
53 94 257
53 95 185
53 96 263
53 97 427
53 98 289
53 99 285
53 100 108
54 1 230
54 2 60
54 3 357
54 4 136
54 5 370
54 6 372
54 7 355
54 9 356
54 10 5
54 12 13
54 13 493
54 14 92
54 15 53
54 16 105
54 18 488
54 19 258
54 21 289
54 22 453
54 23 165
54 24 109
