35 952
1 2 162
1 3 110
1 4 25
1 5 6
1 6 17
1 7 4
1 8 163
1 10 156
1 11 166
1 12 98
1 13 22
1 15 27
1 16 10
1 17 87
1 18 6
1 19 18
1 20 48
1 21 58
1 22 13
1 23 131
1 24 90
1 27 51
1 28 96
1 29 170
1 30 62
1 33 113
1 34 160
1 35 34
2 1 162
2 3 19
2 4 105
2 5 114
2 6 79
2 7 31
2 9 95
2 11 2
2 12 123
2 13 66
2 15 162
2 16 157
2 17 19
2 18 147
2 19 35
2 20 42
2 22 69
2 23 48
2 24 168
2 25 100
2 26 150
2 27 103
2 28 171
2 29 41
2 30 149
2 32 49
3 1 110
3 2 19
3 4 85
3 5 57
3 6 138
3 7 153
3 8 11
3 9 23
3 10 154
3 11 42
3 12 12
3 13 118
3 14 152
3 15 145
3 17 21
3 18 161
3 19 95
3 20 17
3 21 130
3 22 163
3 24 166
3 25 173
3 26 163
3 29 155
3 30 58
3 31 165
3 32 140
3 33 90
3 34 41
3 35 124
4 1 25
4 2 105
4 3 85
4 5 118
4 6 43
4 8 154
4 10 143
4 13 81
4 14 24
4 15 28
4 16 26
4 17 133
4 18 32
4 20 113
4 21 151
4 22 152
4 23 156
4 24 151
4 25 84
4 26 58
4 27 75
4 28 73
4 29 21
4 30 44
4 31 80
4 32 76
4 33 85
4 34 70
4 35 62
5 1 6
5 2 114
5 3 57
5 4 118
5 7 4
5 8 91
5 9 53
5 10 57
5 11 11
5 12 169
5 13 171
5 14 31
5 15 140
5 16 47
5 18 154
5 19 61
5 20 32
5 21 105
5 22 15
5 23 150
5 24 39
5 26 63
5 28 128
5 29 118
5 30 122
5 31 62
5 32 19
5 33 104
5 34 87
6 1 17
6 2 79
6 3 138
6 4 43
6 7 20
6 8 73
6 11 107
6 12 3
6 13 35
6 14 105
6 15 124
6 17 95
6 18 8
6 19 173
6 20 87
6 21 84
6 23 139
6 24 125
6 25 26
6 26 18
6 27 23
6 29 64
6 30 164
6 31 101
6 33 61
6 34 50
7 1 4
7 2 31
7 3 153
7 5 4
7 6 20
7 9 91
7 10 68
7 12 162
7 13 98
7 14 76
7 15 96
7 16 12
7 17 37
7 18 56
7 19 5
7 20 58
7 21 116
7 22 15
7 23 68
7 25 32
7 26 7
7 27 104
7 28 89
7 30 30
7 31 44
7 32 37
7 33 86
7 34 78
7 35 36
8 1 163
8 3 11
8 4 154
8 5 91
8 6 73
8 9 120
8 10 11
8 11 26
8 12 66
8 15 86
8 16 35
8 17 134
8 19 132
8 20 66
8 21 6
8 22 24
8 23 107
8 24 119
8 25 2
8 26 145
8 27 56
8 28 6
8 30 98
8 31 165
8 32 123
8 33 67
8 35 160
9 2 95
9 3 23
9 5 53
9 7 91
9 8 120
9 10 5
9 12 100
9 14 46
9 17 42
9 18 140
9 19 117
9 22 80
9 23 137
9 24 101
9 25 12
9 26 162
9 27 105
9 28 85
9 29 23
9 30 169
9 31 43
9 32 173
9 33 145
9 34 8
9 35 53
10 1 156
10 3 154
10 4 143
10 5 57
10 7 68
10 8 11
10 9 5
10 11 172
10 12 117
10 13 168
10 14 89
10 16 16
10 17 60
10 19 126
10 22 25
10 23 15
10 24 140
10 25 42
10 27 46
10 28 119
10 29 151
10 31 174
10 32 78
10 33 128
10 34 52
11 1 166
11 2 2
11 3 42
11 5 11
11 6 107
11 8 26
11 10 172
11 13 84
11 15 155
11 16 76
11 17 32
11 18 90
11 19 96
11 20 27
11 21 9
11 23 4
11 24 161
11 25 39
11 26 13
11 27 25
11 28 16
11 29 97
11 30 48
11 31 45
11 32 53
11 33 114
11 35 13
12 1 98
12 2 123
12 3 12
12 5 169
12 6 3
12 7 162
12 8 66
12 9 100
12 10 117
12 13 129
12 14 19
12 15 138
12 17 161
12 18 139
12 19 47
12 21 102
12 22 91
12 24 122
12 25 2
12 26 101
12 27 1
12 28 107
12 29 81
12 30 131
12 33 105
12 34 41
12 35 161
13 1 22
13 2 66
13 3 118
13 4 81
13 5 171
13 6 35
13 7 98
13 10 168
13 11 84
13 12 129
13 14 24
13 15 24
13 16 19
13 17 39
13 18 99
13 19 59
13 20 61
13 21 57
13 23 111
13 24 5
13 25 86
13 26 145
13 27 130
13 28 40
13 29 57
13 30 45
13 32 142
13 33 110
13 34 165
13 35 99
14 3 152
14 4 24
14 5 31
14 6 105
14 7 76
14 9 46
14 10 89
14 12 19
14 13 24
14 15 112
14 16 4
14 17 15
14 18 45
14 19 55
14 20 153
14 21 88
14 23 114
14 24 170
14 26 57
14 27 6
14 28 118
14 29 68
14 30 118
14 32 162
14 35 157
15 1 27
15 2 162
15 3 145
15 4 28
15 5 140
15 6 124
15 7 96
15 8 86
15 11 155
15 12 138
15 13 24
15 14 112
15 16 159
15 17 157
15 18 170
15 19 58
15 20 107
15 21 138
15 22 167
15 23 36
15 24 159
15 25 101
15 26 97
15 28 133
15 30 42
15 32 96
15 33 87
15 34 28
15 35 89
16 1 10
16 2 157
16 4 26
16 5 47
16 7 12
16 8 35
16 10 16
16 11 76
16 13 19
16 14 4
16 15 159
16 17 85
16 18 70
16 19 133
16 21 118
16 22 5
16 23 109
16 24 39
16 25 124
16 26 128
16 27 105
16 28 42
16 29 23
16 31 138
16 34 38
16 35 77
17 1 87
17 2 19
17 3 21
17 4 133
17 6 95
17 7 37
17 8 134
17 9 42
17 10 60
17 11 32
17 12 161
17 13 39
17 14 15
17 15 157
17 16 85
17 18 116
17 20 69
17 21 44
17 22 109
17 23 1
17 24 18
17 26 9
17 27 74
17 28 82
17 29 175
17 30 144
17 31 154
17 33 46
17 34 103
17 35 169
18 1 6
18 2 147
18 3 161
18 4 32
18 5 154
18 6 8
18 7 56
18 9 140
18 11 90
18 12 139
18 13 99
18 14 45
18 15 170
18 16 70
18 17 116
18 19 41
18 20 81
18 21 88
18 22 28
18 23 152
18 24 136
18 26 51
18 27 108
18 29 149
18 30 146
18 31 154
18 32 115
18 33 143
19 1 18
19 2 35
19 3 95
19 5 61
19 6 173
19 7 5
19 8 132
19 9 117
19 10 126
19 11 96
19 12 47
19 13 59
19 14 55
19 15 58
19 16 133
19 18 41
19 20 144
19 22 79
19 23 79
19 24 22
19 25 22
19 26 11
19 27 87
19 28 18
19 29 77
19 30 155
19 31 26
19 32 30
19 33 156
19 34 174
20 1 48
20 2 42
20 3 17
20 4 113
20 5 32
20 6 87
20 7 58
20 8 66
20 11 27
20 13 61
20 14 153
20 15 107
20 17 69
20 18 81
20 19 144
20 23 131
20 24 104
20 25 104
20 26 35
20 28 164
20 29 164
20 30 112
20 32 154
20 33 74
20 34 108
20 35 62
21 1 58
21 3 130
21 4 151
21 5 105
21 6 84
21 7 116
21 8 6
21 11 9
21 12 102
21 13 57
21 14 88
21 15 138
21 16 118
21 17 44
21 18 88
21 22 73
21 23 166
21 24 173
21 25 129
21 26 56
21 27 153
21 28 12
21 29 135
21 30 106
21 33 70
21 35 89
22 1 13
22 2 69
22 3 163
22 4 152
22 5 15
22 7 15
22 8 24
22 9 80
22 10 25
22 12 91
22 15 167
22 16 5
22 17 109
22 18 28
22 19 79
22 21 73
22 23 131
22 25 158
22 26 138
22 27 116
22 29 116
22 30 74
22 31 134
22 32 104
22 34 23
22 35 142
23 1 131
23 2 48
23 4 156
23 5 150
23 6 139
23 7 68
23 8 107
23 9 137
23 10 15
23 11 4
23 13 111
23 14 114
23 15 36
23 16 109
23 17 1
23 18 152
23 19 79
23 20 131
23 21 166
23 22 131
23 24 132
23 25 10
23 26 28
23 27 111
23 29 53
23 30 143
23 31 152
23 32 108
23 33 17
23 35 151
24 1 90
24 2 168
24 3 166
24 4 151
24 5 39
24 6 125
24 8 119
24 9 101
24 10 140
24 11 161
24 12 122
24 13 5
24 14 170
24 15 159
24 16 39
24 17 18
24 18 136
24 19 22
24 20 104
24 21 173
24 23 132
24 25 45
24 28 165
24 31 174
24 33 92
24 34 152
24 35 98
25 2 100
25 3 173
25 4 84
25 6 26
25 7 32
25 8 2
25 9 12
25 10 42
25 11 39
25 12 2
25 13 86
25 15 101
25 16 124
25 19 22
25 20 104
25 21 129
25 22 158
25 23 10
25 24 45
25 26 157
25 27 16
25 28 129
25 29 75
25 32 161
25 33 109
25 34 96
25 35 72
26 2 150
26 3 163
26 4 58
26 5 63
26 6 18
26 7 7
26 8 145
26 9 162
26 11 13
26 12 101
26 13 145
26 14 57
26 15 97
26 16 128
26 17 9
26 18 51
26 19 11
26 20 35
26 21 56
26 22 138
26 23 28
26 25 157
26 27 87
26 28 112
26 29 70
26 30 172
26 33 6
26 35 75
27 1 51
27 2 103
27 4 75
27 6 23
27 7 104
27 8 56
27 9 105
27 10 46
27 11 25
27 12 1
27 13 130
27 14 6
27 16 105
27 17 74
27 18 108
27 19 87
27 21 153
27 22 116
27 23 111
27 25 16
27 26 87
27 28 79
27 29 149
27 30 152
27 31 27
27 32 126
27 33 134
27 34 33
27 35 30
28 1 96
28 2 171
28 4 73
28 5 128
28 7 89
28 8 6
28 9 85
28 10 119
28 11 16
28 12 107
28 13 40
28 14 118
28 15 133
28 16 42
28 17 82
28 19 18
28 20 164
28 21 12
28 24 165
28 25 129
28 26 112
28 27 79
28 29 106
28 30 71
28 31 31
28 32 118
28 35 67
29 1 170
29 2 41
29 3 155
29 4 21
29 5 118
29 6 64
29 9 23
29 10 151
29 11 97
29 12 81
29 13 57
29 14 68
29 16 23
29 17 175
29 18 149
29 19 77
29 20 164
29 21 135
29 22 116
29 23 53
29 25 75
29 26 70
29 27 149
29 28 106
29 30 52
29 33 150
29 34 138
29 35 96
30 1 62
30 2 149
30 3 58
30 4 44
30 5 122
30 6 164
30 7 30
30 8 98
30 9 169
30 11 48
30 12 131
30 13 45
30 14 118
30 15 42
30 17 144
30 18 146
30 19 155
30 20 112
30 21 106
30 22 74
30 23 143
30 26 172
30 27 152
30 28 71
30 29 52
30 31 159
30 32 133
30 34 140
30 35 47
31 3 165
31 4 80
31 5 62
31 6 101
31 7 44
31 8 165
31 9 43
31 10 174
31 11 45
31 16 138
31 17 154
31 18 154
31 19 26
31 22 134
31 23 152
31 24 174
31 27 27
31 28 31
31 30 159
31 33 62
31 35 24
32 2 49
32 3 140
32 4 76
32 5 19
32 7 37
32 8 123
32 9 173
32 10 78
32 11 53
32 13 142
32 14 162
32 15 96
32 18 115
32 19 30
32 20 154
32 22 104
32 23 108
32 25 161
32 27 126
32 28 118
32 30 133
32 33 155
32 34 8
32 35 165
33 1 113
33 3 90
33 4 85
33 5 104
33 6 61
33 7 86
33 8 67
33 9 145
33 10 128
33 11 114
33 12 105
33 13 110
33 15 87
33 17 46
33 18 143
33 19 156
33 20 74
33 21 70
33 23 17
33 24 92
33 25 109
33 26 6
33 27 134
33 29 150
33 31 62
33 32 155
33 34 1
34 1 160
34 3 41
34 4 70
34 5 87
34 6 50
34 7 78
34 9 8
34 10 52
34 12 41
34 13 165
34 15 28
34 16 38
34 17 103
34 19 174
34 20 108
34 22 23
34 24 152
34 25 96
34 27 33
34 29 138
34 30 140
34 32 8
34 33 1
34 35 14
35 1 34
35 3 124
35 4 62
35 7 36
35 8 160
35 9 53
35 11 13
35 12 161
35 13 99
35 14 157
35 15 89
35 16 77
35 17 169
35 20 62
35 21 89
35 22 142
35 23 151
35 24 98
35 25 72
35 26 75
35 27 30
35 28 67
35 29 96
35 30 47
35 31 24
35 32 165
35 34 14
