100 1980
1 4 2
1 7 181
1 10 328
1 18 183
1 20 333
1 25 273
1 26 399
1 27 432
1 28 62
1 34 102
1 39 374
1 46 358
1 47 259
1 53 52
1 58 36
1 59 73
1 72 269
1 73 176
1 78 390
1 83 176
1 90 253
1 94 260
1 98 470
1 99 468
2 5 396
2 13 20
2 20 94
2 24 119
2 26 349
2 32 85
2 36 125
2 40 479
2 56 393
2 64 37
2 66 254
2 68 154
2 72 443
2 73 398
2 80 111
2 81 15
2 87 385
2 95 328
2 100 428
3 7 354
3 8 71
3 10 409
3 22 200
3 33 425
3 44 96
3 45 26
3 46 217
3 51 384
3 59 408
3 62 50
3 64 285
3 68 175
3 70 16
3 73 404
3 79 289
3 80 267
3 81 155
3 82 132
3 86 277
3 90 122
3 93 338
3 94 475
3 100 119
4 1 2
4 6 473
4 16 28
4 31 456
4 34 392
4 38 464
4 39 152
4 44 162
4 46 142
4 48 119
4 50 48
4 53 64
4 61 261
4 62 246
4 64 412
4 68 210
4 86 258
4 91 103
4 94 181
4 95 486
5 2 396
5 8 492
5 18 333
5 19 299
5 20 157
5 21 184
5 24 65
5 32 313
5 34 438
5 37 93
5 41 222
5 42 131
5 45 3
5 47 38
5 48 325
5 55 189
5 59 447
5 71 360
5 77 173
5 79 144
5 82 217
5 89 223
5 91 168
5 92 218
6 4 473
6 11 346
6 16 24
6 24 469
6 27 43
6 31 95
6 32 32
6 39 275
6 41 263
6 46 3
6 60 443
6 62 394
6 63 23
6 71 220
6 84 438
6 85 236
6 89 453
6 92 260
6 94 499
6 96 438
6 100 343
7 1 181
7 3 354
7 10 149
7 15 383
7 17 386
7 20 333
7 26 331
7 32 478
7 34 327
7 37 323
7 43 500
7 44 138
7 46 4
7 47 309
7 56 336
7 60 203
7 82 498
7 83 456
7 86 200
7 95 235
7 97 76
8 3 71
8 5 492
8 17 31
8 21 81
8 25 185
8 26 126
8 28 7
8 31 374
8 32 453
8 43 231
8 46 208
8 48 163
8 52 438
8 53 114
8 54 340
8 57 99
8 58 417
8 59 313
8 60 364
8 67 453
8 69 419
8 88 224
8 96 259
9 10 112
9 11 100
9 14 417
9 15 85
9 16 3
9 18 32
9 21 7
9 24 332
9 27 4
9 29 240
9 46 37
9 50 27
9 60 4
9 63 484
9 66 332
9 67 283
9 71 442
9 72 9
9 81 350
9 87 170
9 93 169
9 94 353
9 95 265
10 1 328
10 3 409
10 7 149
10 9 112
10 21 365
10 25 6
10 30 65
10 36 303
10 45 461
10 58 417
10 63 150
10 65 338
10 67 308
10 70 91
10 71 438
10 84 78
10 86 223
10 92 441
10 93 364
10 94 434
10 100 28
11 6 346
11 9 100
11 20 78
11 24 264
11 26 436
11 27 360
11 29 325
11 32 364
11 39 35
11 40 18
11 41 225
11 42 265
11 47 38
11 50 329
11 58 318
11 63 86
11 65 288
11 71 170
11 81 304
11 84 119
11 86 436
11 88 395
11 89 428
11 97 42
11 100 32
12 22 55
12 24 475
12 25 185
12 27 413
12 29 130
12 31 288
12 32 385
12 34 249
12 40 288
12 41 219
12 42 153
12 45 63
12 47 494
12 64 42
12 66 408
12 70 374
12 93 123
12 94 424
13 2 20
13 17 313
13 21 105
13 30 135
13 40 141
13 49 399
13 50 370
13 54 357
13 55 350
13 58 154
13 62 366
13 67 240
13 68 363
13 70 263
13 73 69
13 83 360
13 94 453
14 9 417
14 16 38
14 17 303
14 18 439
14 24 498
14 31 254
14 34 159
14 36 31
14 39 456
14 40 127
14 41 308
14 45 241
14 46 467
14 60 85
14 61 92
14 67 34
14 70 487
14 73 301
14 76 117
14 82 233
14 86 339
14 92 155
14 96 431
14 98 255
14 100 479
15 7 383
15 9 85
15 16 430
15 19 352
15 29 377
15 37 419
15 44 137
15 45 338
15 46 363
15 49 104
15 53 191
15 57 253
15 61 208
15 74 81
15 77 399
15 83 458
15 86 436
15 91 499
15 94 351
16 4 28
16 6 24
16 9 3
16 14 38
16 15 430
16 35 330
16 46 67
16 49 468
16 56 491
16 58 23
16 63 27
16 72 213
16 73 148
16 76 314
16 80 409
16 81 160
16 90 69
16 94 198
17 7 386
17 8 31
17 13 313
17 14 303
17 19 56
17 20 426
17 22 370
17 23 254
17 24 76
17 28 235
17 30 394
17 31 14
17 36 170
17 42 482
17 45 339
17 58 492
17 60 44
17 76 14
17 81 474
17 84 321
18 1 183
18 5 333
18 9 32
18 14 439
18 30 477
18 36 85
18 39 100
18 42 408
18 44 244
18 46 481
18 50 225
18 53 117
18 56 356
18 65 245
18 68 449
18 70 212
18 71 407
18 79 98
18 80 25
18 82 382
18 84 211
18 89 324
18 93 220
19 5 299
19 15 352
19 17 56
19 21 348
19 30 474
19 31 319
19 34 207
19 36 142
19 41 224
19 43 304
19 44 291
19 46 168
19 47 179
19 50 269
19 51 498
19 57 259
19 65 252
19 69 278
19 70 470
19 73 430
19 81 234
19 95 465
19 97 254
19 98 296
19 99 282
20 1 333
20 2 94
20 5 157
20 7 333
20 11 78
20 17 426
20 37 247
20 40 51
20 42 204
20 46 233
20 51 6
20 56 106
20 61 495
20 63 310
20 66 474
20 75 75
20 83 182
20 86 304
20 88 280
20 94 245
20 97 370
20 98 107
21 5 184
21 8 81
21 9 7
21 10 365
21 13 105
21 19 348
21 25 449
21 28 14
21 33 91
21 43 127
21 45 115
21 50 312
21 66 307
21 67 109
21 74 410
21 76 218
21 81 4
21 87 170
21 88 246
21 90 41
21 95 432
22 3 200
22 12 55
22 17 370
22 35 346
22 37 311
22 42 450
22 46 67
22 50 110
22 54 59
22 61 138
22 83 113
22 91 200
22 95 442
22 100 319
23 17 254
23 27 235
23 33 87
23 40 117
23 45 136
23 47 183
23 56 263
23 57 101
23 59 238
23 63 473
23 65 463
23 69 395
23 73 58
23 78 201
23 83 57
23 84 483
23 90 116
23 92 430
23 94 429
23 96 485
23 98 262
24 2 119
24 5 65
24 6 469
24 9 332
24 11 264
24 12 475
24 14 498
24 17 76
24 25 478
24 27 270
24 36 350
24 38 86
24 39 403
24 63 46
24 67 366
24 69 270
24 71 7
24 77 31
24 95 294
24 98 173
25 1 273
25 8 185
25 10 6
25 12 185
25 21 449
25 24 478
25 33 378
25 35 115
25 37 412
25 38 98
25 46 499
25 50 186
25 51 162
25 57 262
25 58 359
25 75 496
25 79 69
25 85 223
25 90 182
25 94 226
25 99 153
26 1 399
26 2 349
26 7 331
26 8 126
26 11 436
26 34 119
26 37 115
26 39 209
26 43 2
26 45 61
26 51 500
26 57 461
26 62 402
26 66 87
26 67 387
26 73 226
26 74 32
26 87 295
26 89 39
26 94 143
26 95 277
26 100 364
27 1 432
27 6 43
27 9 4
27 11 360
27 12 413
27 23 235
27 24 270
27 34 63
27 41 218
27 50 17
27 60 203
27 81 333
27 89 105
27 95 421
27 96 22
28 1 62
28 8 7
28 17 235
28 21 14
28 35 86
28 40 490
28 42 186
28 45 217
28 51 434
28 63 284
28 71 319
28 75 297
28 78 338
28 79 248
28 80 78
28 81 300
28 83 251
28 85 434
28 89 179
28 90 395
29 9 240
29 11 325
29 12 130
29 15 377
29 33 373
29 36 135
29 39 317
29 46 251
29 50 9
29 57 374
29 64 403
29 65 267
29 66 105
29 68 428
29 70 494
29 94 239
29 100 29
30 10 65
30 13 135
30 17 394
30 18 477
30 19 474
30 39 159
30 45 340
30 52 371
30 64 189
30 65 450
30 85 293
30 100 42
31 4 456
31 6 95
31 8 374
31 12 288
31 14 254
31 17 14
31 19 319
31 33 431
31 38 386
31 44 474
31 50 24
31 55 401
31 62 35
31 67 391
31 69 327
31 74 191
31 76 242
31 93 441
32 2 85
32 5 313
32 6 32
32 7 478
32 8 453
32 11 364
32 12 385
32 36 497
32 41 106
32 42 161
32 55 282
32 59 145
32 61 440
32 62 359
32 68 455
32 69 18
32 71 128
32 74 275
32 83 78
32 89 322
32 91 83
32 95 199
32 100 13
33 3 425
33 21 91
33 23 87
33 25 378
33 29 373
33 31 431
33 35 386
33 39 309
33 41 368
33 46 242
33 53 286
33 60 455
33 64 367
33 69 431
33 72 183
33 75 124
33 96 181
33 97 290
33 99 29
34 1 102
34 4 392
34 5 438
34 7 327
34 12 249
34 14 159
34 19 207
34 26 119
34 27 63
34 37 217
34 47 363
34 54 273
34 56 495
34 57 78
34 65 364
34 68 25
34 76 174
34 80 444
34 83 23
34 87 149
34 100 91
35 16 330
35 22 346
35 25 115
35 28 86
35 33 386
35 38 270
35 46 236
35 51 125
35 54 383
35 68 296
35 74 326
35 80 185
35 81 411
35 83 161
35 92 164
35 96 260
35 97 325
36 2 125
36 10 303
36 14 31
36 17 170
36 18 85
36 19 142
36 24 350
36 29 135
36 32 497
36 39 216
36 48 418
36 58 49
36 79 259
36 81 313
36 86 278
36 94 422
36 95 461
36 99 398
37 5 93
37 7 323
37 15 419
37 20 247
37 22 311
37 25 412
37 26 115
37 34 217
37 39 476
37 40 24
37 49 173
37 51 284
37 57 440
37 58 52
37 68 54
37 69 198
37 72 129
37 73 72
37 74 188
37 76 439
37 81 173
37 91 301
37 93 271
38 4 464
38 24 86
38 25 98
38 31 386
38 35 270
38 42 99
38 43 100
38 44 319
38 46 137
38 47 358
38 49 52
38 50 177
38 52 17
38 60 243
38 65 82
38 66 126
38 76 35
38 78 59
38 79 126
38 85 182
39 1 374
39 4 152
39 6 275
39 11 35
39 14 456
39 18 100
39 24 403
39 26 209
39 29 317
39 30 159
39 33 309
39 36 216
39 37 476
39 45 398
39 48 239
39 50 126
39 51 146
39 59 483
39 60 326
39 66 66
39 72 78
39 75 109
39 79 349
39 92 449
40 2 479
40 11 18
40 12 288
40 13 141
40 14 127
40 20 51
40 23 117
40 28 490
40 37 24
40 43 119
40 45 304
40 54 448
40 55 459
40 60 179
40 70 48
40 72 266
40 80 238
40 87 383
40 89 238
40 92 301
40 95 152
40 99 472
41 5 222
41 6 263
41 11 225
41 12 219
41 14 308
41 19 224
41 27 218
41 32 106
41 33 368
41 50 448
41 51 208
41 52 17
41 53 479
41 56 376
41 61 143
41 62 382
41 70 395
41 86 47
41 89 100
42 5 131
42 11 265
42 12 153
42 17 482
42 18 408
42 20 204
42 22 450
42 28 186
42 32 161
42 38 99
42 43 374
42 58 397
42 63 29
42 68 467
42 71 334
42 79 424
42 80 173
42 82 304
42 84 349
42 85 145
42 92 380
42 94 167
42 95 389
42 98 258
42 99 289
42 100 127
43 7 500
43 8 231
43 19 304
43 21 127
43 26 2
43 38 100
43 40 119
43 42 374
43 44 45
43 45 185
43 46 144
43 49 324
43 52 166
43 59 33
43 61 489
43 62 218
43 66 96
43 68 406
43 71 242
43 79 497
43 82 352
43 87 382
43 88 440
43 92 91
44 3 96
44 4 162
44 7 138
44 15 137
44 18 244
44 19 291
44 31 474
44 38 319
44 43 45
44 46 479
44 53 494
44 54 480
44 66 59
44 72 473
44 80 208
44 90 313
45 3 26
45 5 3
45 10 461
45 12 63
45 14 241
45 15 338
45 17 339
45 21 115
45 23 136
45 26 61
45 28 217
45 30 340
45 39 398
45 40 304
45 43 185
45 50 233
45 55 406
45 61 241
45 63 462
45 64 260
45 65 303
45 66 418
45 67 320
45 70 493
45 72 204
45 79 398
45 87 475
45 90 49
45 95 134
46 1 358
46 3 217
46 4 142
46 6 3
46 7 4
46 8 208
46 9 37
46 14 467
46 15 363
46 16 67
46 18 481
46 19 168
46 20 233
46 22 67
46 25 499
46 29 251
46 33 242
46 35 236
46 38 137
46 43 144
46 44 479
46 47 252
46 53 197
46 54 61
46 78 141
46 85 451
46 86 291
46 89 275
46 91 257
47 1 259
47 5 38
47 7 309
47 11 38
47 12 494
47 19 179
47 23 183
47 34 363
47 38 358
47 46 252
47 59 163
47 60 31
47 62 299
47 65 100
47 79 233
47 85 466
47 88 108
47 90 142
48 4 119
48 5 325
48 8 163
48 36 418
48 39 239
48 50 233
48 52 307
48 53 243
48 57 455
48 71 454
48 80 123
48 82 80
48 84 62
48 85 336
48 87 460
48 89 190
49 13 399
49 15 104
49 16 468
49 37 173
49 38 52
49 43 324
49 60 6
49 61 53
49 70 142
49 73 378
49 83 50
49 86 265
49 87 280
49 95 228
50 4 48
50 9 27
50 11 329
50 13 370
50 18 225
50 19 269
50 21 312
50 22 110
50 25 186
50 27 17
50 29 9
50 31 24
50 38 177
50 39 126
50 41 448
50 45 233
50 48 233
50 54 52
50 61 355
50 62 294
50 68 90
50 91 392
50 92 182
50 94 241
50 99 62
50 100 175
51 3 384
51 19 498
51 20 6
51 25 162
51 26 500
51 28 434
51 35 125
51 37 284
51 39 146
51 41 208
51 72 438
51 78 262
51 86 274
51 95 44
52 8 438
52 30 371
52 38 17
52 41 17
52 43 166
52 48 307
52 55 25
52 58 203
52 59 206
52 60 411
52 67 308
52 71 69
52 73 110
52 74 269
52 99 13
53 1 52
53 4 64
53 8 114
53 15 191
53 18 117
53 33 286
53 41 479
53 44 494
53 46 197
53 48 243
53 59 360
53 60 392
53 72 163
53 74 372
53 76 346
53 79 20
53 93 215
53 94 474
54 8 340
54 13 357
54 22 59
54 34 273
54 35 383
54 40 448
54 44 480
54 46 61
54 50 52
54 57 335
54 74 84
54 77 148
54 82 219
54 88 344
54 90 80
54 92 436
55 5 189
55 13 350
55 31 401
55 32 282
55 40 459
55 45 406
55 52 25
55 63 398
55 77 425
55 78 416
55 85 447
55 88 300
55 97 439
55 100 172
56 2 393
56 7 336
56 16 491
56 18 356
56 20 106
56 23 263
56 34 495
56 41 376
56 58 334
56 68 127
56 84 235
56 92 423
56 93 57
57 8 99
57 15 253
57 19 259
57 23 101
57 25 262
57 26 461
57 29 374
57 34 78
57 37 440
57 48 455
57 54 335
57 65 390
57 70 198
57 71 304
57 73 135
57 81 438
57 85 211
57 87 143
57 94 454
57 95 72
57 97 1
58 1 36
58 8 417
58 10 417
58 11 318
58 13 154
58 16 23
58 17 492
58 25 359
58 36 49
58 37 52
58 42 397
58 52 203
58 56 334
58 62 378
58 65 320
58 66 265
58 68 174
58 75 215
58 78 49
58 80 222
58 83 77
59 1 73
59 3 408
59 5 447
59 8 313
59 23 238
59 32 145
59 39 483
59 43 33
59 47 163
59 52 206
59 53 360
59 60 326
59 62 493
59 67 88
59 83 368
59 88 215
59 90 491
59 93 85
59 94 175
59 99 108
60 6 443
60 7 203
60 8 364
60 9 4
60 14 85
60 17 44
60 27 203
60 33 455
60 38 243
60 39 326
60 40 179
60 47 31
60 49 6
60 52 411
60 53 392
60 59 326
60 75 292
60 80 490
60 82 93
60 83 485
60 84 244
60 85 459
60 89 19
60 93 452
60 95 186
60 99 183
60 100 19
61 4 261
61 14 92
61 15 208
61 20 495
61 22 138
61 32 440
61 41 143
61 43 489
61 45 241
61 49 53
61 50 355
61 63 52
61 75 299
61 77 457
61 79 439
61 80 286
61 83 2
61 87 324
61 88 263
61 90 126
61 97 393
62 3 50
62 4 246
62 6 394
62 13 366
62 26 402
62 31 35
62 32 359
62 41 382
62 43 218
62 47 299
62 50 294
62 58 378
62 59 493
62 66 244
62 68 195
62 72 375
62 77 313
62 82 358
62 84 20
62 94 58
62 96 86
62 98 427
63 6 23
63 9 484
63 10 150
63 11 86
63 16 27
63 20 310
63 23 473
63 24 46
63 28 284
63 42 29
63 45 462
63 55 398
63 61 52
63 65 256
63 76 327
63 85 272
63 90 298
63 95 233
64 2 37
64 3 285
64 4 412
64 12 42
64 29 403
64 30 189
64 33 367
64 45 260
64 65 291
64 67 179
64 69 173
64 73 232
64 76 447
64 77 448
64 79 196
64 86 126
64 95 311
64 97 338
64 99 209
65 10 338
65 11 288
65 18 245
65 19 252
65 23 463
65 29 267
65 30 450
65 34 364
65 38 82
65 45 303
65 47 100
65 57 390
65 58 320
65 63 256
65 64 291
65 77 117
65 81 8
65 85 484
65 87 467
65 90 102
65 99 236
65 100 81
66 2 254
66 9 332
66 12 408
66 20 474
66 21 307
66 26 87
66 29 105
66 38 126
66 39 66
66 43 96
66 44 59
66 45 418
66 58 265
66 62 244
66 68 82
66 77 26
66 82 369
66 87 32
66 94 207
66 97 157
66 98 182
67 8 453
67 9 283
67 10 308
67 13 240
67 14 34
67 21 109
67 24 366
67 26 387
67 31 391
67 45 320
67 52 308
67 59 88
67 64 179
67 78 267
67 80 252
67 81 149
67 84 142
67 87 65
67 90 340
67 98 237
68 2 154
68 3 175
68 4 210
68 13 363
68 18 449
68 29 428
68 32 455
68 34 25
68 35 296
68 37 54
68 42 467
68 43 406
68 50 90
68 56 127
68 58 174
68 62 195
68 66 82
68 72 300
68 75 35
68 86 302
68 88 180
68 91 498
68 92 51
68 94 171
68 96 322
68 97 116
69 8 419
69 19 278
69 23 395
69 24 270
69 31 327
69 32 18
69 33 431
69 37 198
69 64 173
69 76 381
69 86 327
69 87 234
69 96 218
70 3 16
70 10 91
70 12 374
70 13 263
70 14 487
70 18 212
70 19 470
70 29 494
70 40 48
70 41 395
70 45 493
70 49 142
70 57 198
70 75 422
70 76 258
70 86 330
70 90 342
70 92 245
70 95 477
71 5 360
71 6 220
71 9 442
71 10 438
71 11 170
71 18 407
71 24 7
71 28 319
71 32 128
71 42 334
71 43 242
71 48 454
71 52 69
71 57 304
71 77 264
71 84 52
71 92 172
71 93 250
71 98 479
71 99 77
72 1 269
72 2 443
72 9 9
72 16 213
72 33 183
72 37 129
72 39 78
72 40 266
72 44 473
72 45 204
72 51 438
72 53 163
72 62 375
72 68 300
72 79 354
72 82 73
72 85 190
72 90 61
72 100 351
73 1 176
73 2 398
73 3 404
73 13 69
73 14 301
73 16 148
73 19 430
73 23 58
73 26 226
73 37 72
73 49 378
73 52 110
73 57 135
73 64 232
73 79 186
73 89 14
74 15 81
74 21 410
74 26 32
74 31 191
74 32 275
74 35 326
74 37 188
74 52 269
74 53 372
74 54 84
74 79 479
74 81 431
74 82 414
74 86 353
75 20 75
75 25 496
75 28 297
75 33 124
75 39 109
75 58 215
75 60 292
75 61 299
75 68 35
75 70 422
75 79 185
75 82 296
75 85 52
75 94 198
76 14 117
76 16 314
76 17 14
76 21 218
76 31 242
76 34 174
76 37 439
76 38 35
76 53 346
76 63 327
76 64 447
76 69 381
76 70 258
76 88 494
76 95 415
76 96 145
76 98 87
77 5 173
77 15 399
77 24 31
77 54 148
77 55 425
77 61 457
77 62 313
77 64 448
77 65 117
77 66 26
77 71 264
77 81 276
77 97 4
78 1 390
78 23 201
78 28 338
78 38 59
78 46 141
78 51 262
78 55 416
78 58 49
78 67 267
78 85 164
78 86 362
78 91 287
79 3 289
79 5 144
79 18 98
79 25 69
79 28 248
79 36 259
79 38 126
79 39 349
79 42 424
79 43 497
79 45 398
79 47 233
79 53 20
79 61 439
79 64 196
79 72 354
79 73 186
79 74 479
79 75 185
79 83 120
79 87 361
79 88 34
79 91 37
79 93 487
79 96 380
80 2 111
80 3 267
80 16 409
80 18 25
80 28 78
80 34 444
80 35 185
80 40 238
80 42 173
80 44 208
80 48 123
80 58 222
80 60 490
80 61 286
80 67 252
80 85 319
80 98 384
81 2 15
81 3 155
81 9 350
81 11 304
81 16 160
81 17 474
81 19 234
81 21 4
81 27 333
81 28 300
81 35 411
81 36 313
81 37 173
81 57 438
81 65 8
81 67 149
81 74 431
81 77 276
81 82 31
81 89 370
81 91 253
81 99 161
81 100 455
82 3 132
82 5 217
82 7 498
82 14 233
82 18 382
82 42 304
82 43 352
82 48 80
82 54 219
82 60 93
82 62 358
82 66 369
82 72 73
82 74 414
82 75 296
82 81 31
82 86 76
82 87 204
82 92 173
82 98 355
83 1 176
83 7 456
83 13 360
83 15 458
83 20 182
83 22 113
83 23 57
83 28 251
83 32 78
83 34 23
83 35 161
83 49 50
83 58 77
83 59 368
83 60 485
83 61 2
83 79 120
83 85 279
83 99 499
84 6 438
84 10 78
84 11 119
84 17 321
84 18 211
84 23 483
84 42 349
84 48 62
84 56 235
84 60 244
84 62 20
84 67 142
84 71 52
84 90 103
84 97 137
84 99 497
85 6 236
85 25 223
85 28 434
85 30 293
85 38 182
85 42 145
85 46 451
85 47 466
85 48 336
85 55 447
85 57 211
85 60 459
85 63 272
85 65 484
85 72 190
85 75 52
85 78 164
85 80 319
85 83 279
85 90 357
85 93 13
86 3 277
86 4 258
86 7 200
86 10 223
86 11 436
86 14 339
86 15 436
86 20 304
86 36 278
86 41 47
86 46 291
86 49 265
86 51 274
86 64 126
86 68 302
86 69 327
86 70 330
86 74 353
86 78 362
86 82 76
86 88 184
86 89 195
86 91 296
86 92 69
86 96 399
86 99 10
87 2 385
87 9 170
87 21 170
87 26 295
87 34 149
87 40 383
87 43 382
87 45 475
87 48 460
87 49 280
87 57 143
87 61 324
87 65 467
87 66 32
87 67 65
87 69 234
87 79 361
87 82 204
87 97 177
87 100 383
88 8 224
88 11 395
88 20 280
88 21 246
88 43 440
88 47 108
88 54 344
88 55 300
88 59 215
88 61 263
88 68 180
88 76 494
88 79 34
88 86 184
88 92 175
88 98 379
89 5 223
89 6 453
89 11 428
89 18 324
89 26 39
89 27 105
89 28 179
89 32 322
89 40 238
89 41 100
89 46 275
89 48 190
89 60 19
89 73 14
89 81 370
89 86 195
89 92 272
89 97 168
89 98 218
90 1 253
90 3 122
90 16 69
90 21 41
90 23 116
90 25 182
90 28 395
90 44 313
90 45 49
90 47 142
90 54 80
90 59 491
90 61 126
90 63 298
90 65 102
90 67 340
90 70 342
90 72 61
90 84 103
90 85 357
90 92 74
91 4 103
91 5 168
91 15 499
91 22 200
91 32 83
91 37 301
91 46 257
91 50 392
91 68 498
91 78 287
91 79 37
91 81 253
91 86 296
92 5 218
92 6 260
92 10 441
92 14 155
92 23 430
92 35 164
92 39 449
92 40 301
92 42 380
92 43 91
92 50 182
92 54 436
92 56 423
92 68 51
92 70 245
92 71 172
92 82 173
92 86 69
92 88 175
92 89 272
92 90 74
92 93 381
92 96 58
93 3 338
93 9 169
93 10 364
93 12 123
93 18 220
93 31 441
93 37 271
93 53 215
93 56 57
93 59 85
93 60 452
93 71 250
93 79 487
93 85 13
93 92 381
93 94 357
93 98 458
93 100 90
94 1 260
94 3 475
94 4 181
94 6 499
94 9 353
94 10 434
94 12 424
94 13 453
94 15 351
94 16 198
94 20 245
94 23 429
94 25 226
94 26 143
94 29 239
94 36 422
94 42 167
94 50 241
94 53 474
94 57 454
94 59 175
94 62 58
94 66 207
94 68 171
94 75 198
94 93 357
95 2 328
95 4 486
95 7 235
95 9 265
95 19 465
95 21 432
95 22 442
95 24 294
95 26 277
95 27 421
95 32 199
95 36 461
95 40 152
95 42 389
95 45 134
95 49 228
95 51 44
95 57 72
95 60 186
95 63 233
95 64 311
95 70 477
95 76 415
95 99 453
96 6 438
96 8 259
96 14 431
96 23 485
96 27 22
96 33 181
96 35 260
96 62 86
96 68 322
96 69 218
96 76 145
96 79 380
96 86 399
96 92 58
96 97 373
96 99 38
97 7 76
97 11 42
97 19 254
97 20 370
97 33 290
97 35 325
97 55 439
97 57 1
97 61 393
97 64 338
97 66 157
97 68 116
97 77 4
97 84 137
97 87 177
97 89 168
97 96 373
98 1 470
98 14 255
98 19 296
98 20 107
98 23 262
98 24 173
98 42 258
98 62 427
98 66 182
98 67 237
98 71 479
98 76 87
98 80 384
98 82 355
98 88 379
98 89 218
98 93 458
99 1 468
99 19 282
99 25 153
99 33 29
99 36 398
99 40 472
99 42 289
99 50 62
99 52 13
99 59 108
99 60 183
99 64 209
99 65 236
99 71 77
99 81 161
99 83 499
99 84 497
99 86 10
99 95 453
99 96 38
100 2 428
100 3 119
100 6 343
100 10 28
100 11 32
100 14 479
100 22 319
100 26 364
100 29 29
100 30 42
100 32 13
100 34 91
100 42 127
100 50 175
100 55 172
100 60 19
100 65 81
100 72 351
100 81 455
100 87 383
100 93 90
