35 238
1 3 49
1 9 144
1 16 117
1 25 152
1 28 26
2 3 25
2 9 62
2 15 87
2 35 88
3 1 49
3 2 25
3 5 49
3 9 100
3 12 86
3 13 55
3 15 75
3 18 109
3 21 134
3 27 2
4 6 150
4 11 20
4 17 16
4 31 130
5 3 49
5 7 8
5 10 81
5 12 166
5 34 129
6 4 150
6 17 63
6 18 120
6 20 60
6 21 42
6 26 130
6 29 140
6 30 45
6 32 38
6 34 90
7 5 8
7 12 63
7 13 114
7 16 114
7 25 152
7 32 103
7 35 21
8 11 86
8 29 109
8 32 65
9 1 144
9 2 62
9 3 100
9 15 26
9 17 51
9 21 69
9 25 57
9 28 154
9 32 159
9 33 111
10 5 81
10 11 174
10 13 18
10 17 98
10 20 66
10 26 148
10 32 27
10 34 62
11 4 20
11 8 86
11 10 174
11 17 19
11 18 122
11 24 8
11 32 123
11 33 144
12 3 86
12 5 166
12 7 63
12 18 65
12 23 138
12 24 95
12 25 82
12 27 168
12 32 111
13 3 55
13 7 114
13 10 18
13 18 104
13 20 1
13 22 25
13 26 62
13 28 126
13 31 34
13 34 90
13 35 42
14 19 138
14 29 166
14 34 110
15 2 87
15 3 75
15 9 26
15 19 108
15 26 10
15 31 157
16 1 117
16 7 114
16 19 79
16 21 97
16 26 76
16 30 57
17 4 16
17 6 63
17 9 51
17 10 98
17 11 19
17 21 125
17 22 163
17 30 127
17 31 175
18 3 109
18 6 120
18 11 122
18 12 65
18 13 104
18 21 19
18 34 42
19 14 138
19 15 108
19 16 79
19 20 61
19 22 119
19 33 132
20 6 60
20 10 66
20 13 1
20 19 61
20 27 93
21 3 134
21 6 42
21 9 69
21 16 97
21 17 125
21 18 19
21 26 118
21 27 93
21 30 172
21 32 39
22 13 25
22 17 163
22 19 119
22 31 22
22 34 98
22 35 20
23 12 138
23 24 69
23 26 31
23 29 142
24 11 8
24 12 95
24 23 69
24 34 158
24 35 48
25 1 152
25 7 152
25 9 57
25 12 82
25 26 63
25 27 22
26 6 130
26 10 148
26 13 62
26 15 10
26 16 76
26 21 118
26 23 31
26 25 63
26 27 126
27 3 2
27 12 168
27 20 93
27 21 93
27 25 22
27 26 126
27 30 94
27 32 86
28 1 26
28 9 154
28 13 126
28 30 23
29 6 140
29 8 109
29 14 166
29 23 142
30 6 45
30 16 57
30 17 127
30 21 172
30 27 94
30 28 23
30 31 18
31 4 130
31 13 34
31 15 157
31 17 175
31 22 22
31 30 18
31 32 1
31 33 68
31 35 50
32 6 38
32 7 103
32 8 65
32 9 159
32 10 27
32 11 123
32 12 111
32 21 39
32 27 86
32 31 1
33 9 111
33 11 144
33 19 132
33 31 68
34 5 129
34 6 90
34 10 62
34 13 90
34 14 110
34 18 42
34 22 98
34 24 158
34 35 167
35 2 88
35 7 21
35 13 42
35 22 20
35 24 48
35 31 50
35 34 167
