100 4950
1 2 428
1 6 44
1 7 38
1 9 469
1 10 117
1 11 77
1 12 392
1 16 82
1 18 320
1 19 414
1 22 285
1 23 490
1 24 222
1 26 296
1 29 357
1 30 499
1 31 298
1 32 132
1 33 48
1 34 185
1 36 179
1 41 417
1 43 293
1 45 337
1 46 414
1 47 236
1 49 102
1 50 323
1 55 454
1 58 170
1 59 263
1 60 234
1 61 448
1 65 7
1 69 287
1 70 258
1 73 22
1 74 303
1 79 402
1 84 28
1 86 388
1 90 161
1 94 189
1 96 296
1 97 216
2 1 428
2 4 478
2 5 416
2 8 364
2 9 412
2 10 32
2 11 440
2 12 162
2 14 360
2 15 161
2 19 6
2 20 396
2 24 193
2 26 394
2 27 6
2 29 499
2 33 362
2 37 148
2 38 352
2 40 106
2 42 70
2 43 263
2 44 75
2 45 485
2 52 2
2 55 180
2 57 153
2 58 142
2 60 173
2 61 236
2 62 433
2 63 68
2 65 428
2 70 96
2 72 31
2 74 489
2 79 375
2 80 81
2 81 229
2 83 377
2 84 453
2 87 432
2 88 290
2 91 453
2 94 75
2 95 168
2 96 107
2 97 450
2 100 481
3 4 253
3 5 269
3 7 367
3 11 349
3 12 259
3 13 235
3 17 255
3 22 427
3 23 294
3 24 205
3 25 351
3 27 349
3 28 159
3 35 217
3 36 497
3 39 282
3 43 66
3 45 87
3 46 149
3 47 363
3 50 110
3 53 441
3 56 15
3 57 298
3 59 238
3 62 192
3 63 176
3 64 75
3 65 435
3 69 234
3 70 366
3 71 253
3 74 270
3 75 493
3 77 376
3 80 60
3 81 382
3 82 439
3 84 336
3 90 441
3 93 358
3 97 426
3 98 274
3 99 159
4 2 478
4 3 253
4 14 489
4 15 481
4 17 59
4 19 278
4 20 43
4 21 264
4 22 222
4 23 497
4 28 363
4 30 438
4 31 76
4 33 471
4 34 280
4 35 52
4 37 153
4 40 81
4 42 267
4 43 207
4 44 383
4 52 110
4 54 375
4 55 371
4 56 119
4 58 336
4 59 119
4 62 121
4 63 371
4 70 196
4 73 46
4 74 201
4 75 56
4 77 247
4 79 448
4 81 111
4 82 341
4 85 59
4 88 299
4 89 93
4 90 454
4 91 481
4 96 27
4 98 101
4 99 72
4 100 153
5 2 416
5 3 269
5 7 400
5 10 128
5 11 372
5 12 71
5 14 244
5 16 488
5 17 3
5 18 62
5 19 119
5 22 119
5 26 437
5 27 105
5 29 66
5 30 240
5 31 159
5 32 158
5 33 366
5 36 350
5 39 395
5 41 387
5 47 393
5 48 125
5 52 158
5 55 24
5 59 103
5 60 153
5 61 231
5 62 37
5 63 321
5 67 145
5 68 407
5 69 254
5 73 63
5 75 313
5 77 20
5 78 427
5 79 78
5 80 481
5 81 184
5 82 38
5 83 464
5 84 216
5 85 294
5 87 72
5 88 497
5 89 270
5 90 224
5 92 338
5 93 255
5 94 285
5 95 431
5 96 141
5 97 12
5 98 409
5 100 221
6 1 44
6 7 319
6 12 315
6 14 500
6 15 90
6 16 498
6 17 366
6 19 352
6 22 314
6 25 416
6 26 407
6 30 472
6 37 39
6 41 44
6 42 483
6 46 146
6 48 174
6 50 188
6 51 196
6 52 429
6 58 293
6 59 181
6 61 110
6 63 438
6 68 90
6 69 193
6 72 107
6 74 255
6 75 293
6 77 425
6 79 88
6 82 260
6 84 140
6 85 454
6 86 179
6 88 227
6 89 1
6 91 266
6 93 29
6 97 11
6 99 63
7 1 38
7 3 367
7 5 400
7 6 319
7 8 204
7 12 178
7 14 458
7 15 411
7 17 86
7 18 356
7 19 57
7 20 124
7 21 189
7 22 16
7 26 82
7 31 379
7 33 276
7 35 368
7 37 350
7 39 365
7 40 388
7 43 136
7 44 125
7 47 230
7 48 422
7 49 194
7 50 21
7 51 194
7 52 497
7 54 489
7 58 261
7 61 20
7 62 12
7 63 39
7 64 207
7 70 457
7 73 354
7 74 226
7 75 209
7 76 316
7 79 96
7 80 244
7 85 417
7 86 253
7 87 248
7 88 264
7 89 66
7 90 454
7 91 87
7 93 309
7 94 154
7 96 424
7 97 232
7 98 259
8 2 364
8 7 204
8 9 77
8 10 200
8 11 151
8 12 249
8 14 488
8 15 259
8 16 252
8 18 151
8 20 132
8 23 359
8 27 471
8 30 292
8 32 74
8 33 18
8 35 460
8 36 315
8 38 146
8 39 119
8 40 199
8 41 95
8 44 138
8 46 181
8 49 303
8 51 485
8 52 469
8 54 192
8 59 30
8 62 200
8 63 249
8 64 7
8 65 139
8 66 382
8 71 24
8 72 261
8 73 427
8 76 325
8 77 120
8 78 177
8 79 220
8 80 95
8 85 323
8 87 140
8 88 459
8 91 126
8 95 131
8 96 37
8 97 469
8 98 220
8 99 281
9 1 469
9 2 412
9 8 77
9 10 41
9 11 329
9 12 386
9 13 37
9 14 355
9 15 392
9 16 495
9 18 365
9 19 49
9 22 291
9 25 359
9 26 373
9 28 482
9 29 429
9 31 6
9 33 173
9 37 474
9 39 471
9 40 37
9 43 151
9 44 305
9 49 281
9 52 32
9 54 415
9 55 103
9 57 229
9 58 227
9 61 117
9 62 408
9 64 409
9 65 310
9 67 396
9 68 497
9 69 225
9 70 162
9 72 248
9 74 317
9 75 53
9 76 154
9 79 77
9 80 297
9 81 298
9 84 463
9 86 402
9 87 297
9 88 221
9 89 107
9 92 131
9 96 469
9 97 334
9 98 158
9 99 250
9 100 111
10 1 117
10 2 32
10 5 128
10 8 200
10 9 41
10 16 142
10 17 446
10 18 218
10 20 295
10 21 57
10 22 41
10 24 358
10 30 22
10 32 230
10 33 26
10 37 339
10 38 11
10 40 478
10 41 287
10 43 375
10 47 207
10 48 277
10 49 191
10 51 339
10 55 440
10 57 134
10 59 307
10 60 184
10 62 200
10 63 238
10 64 320
10 65 52
10 69 41
10 72 158
10 75 336
10 79 383
10 80 249
10 84 489
10 88 61
10 90 193
10 92 217
10 93 379
10 94 356
10 97 29
10 98 415
10 99 33
11 1 77
11 2 440
11 3 349
11 5 372
11 8 151
11 9 329
11 12 97
11 14 395
11 18 445
11 21 137
11 24 165
11 28 282
11 29 420
11 30 187
11 33 257
11 34 281
11 36 215
11 37 309
11 41 279
11 42 250
11 43 329
11 45 44
11 46 48
11 52 261
11 56 301
11 60 471
11 63 477
11 67 150
11 68 473
11 70 467
11 72 493
11 74 494
11 76 350
11 77 68
11 80 365
11 86 408
11 88 290
11 91 262
11 94 382
11 97 105
11 98 386
11 100 268
12 1 392
12 2 162
12 3 259
12 5 71
12 6 315
12 7 178
12 8 249
12 9 386
12 11 97
12 13 99
12 14 425
12 16 377
12 17 218
12 21 230
12 22 77
12 24 98
12 25 57
12 29 53
12 31 10
12 34 275
12 36 4
12 37 429
12 38 189
12 42 279
12 46 397
12 48 473
12 50 118
12 52 447
12 53 38
12 55 320
12 58 241
12 62 145
12 63 125
12 64 187
12 65 6
12 66 326
12 67 335
12 68 455
12 69 346
12 71 163
12 74 291
12 75 286
12 76 110
12 80 270
12 83 459
12 84 210
12 86 259
12 87 143
12 88 167
12 90 273
12 91 53
12 95 140
12 96 294
12 99 175
13 3 235
13 9 37
13 12 99
13 15 347
13 18 29
13 22 111
13 23 239
13 25 297
13 27 96
13 28 110
13 30 455
13 32 380
13 33 124
13 34 103
13 36 112
13 37 395
13 38 180
13 41 36
13 44 409
13 49 94
13 50 103
13 51 39
13 52 185
13 59 277
13 64 385
13 66 172
13 69 104
13 71 5
13 72 40
13 75 443
13 76 282
13 78 68
13 80 47
13 81 164
13 85 115
13 86 239
13 88 176
13 89 480
13 90 118
13 91 500
13 92 320
13 94 156
13 98 27
13 100 460
14 2 360
14 4 489
14 5 244
14 6 500
14 7 458
14 8 488
14 9 355
14 11 395
14 12 425
14 16 195
14 17 440
14 18 89
14 24 333
14 25 390
14 26 77
14 27 228
14 29 232
14 31 477
14 33 316
14 37 190
14 38 29
14 40 12
14 41 404
14 44 357
14 45 310
14 46 5
14 48 10
14 50 407
14 51 481
14 52 320
14 54 100
14 55 313
14 56 453
14 58 408
14 59 378
14 61 441
14 64 114
14 65 130
14 66 428
14 68 109
14 69 238
14 73 371
14 75 439
14 76 125
14 79 88
14 80 67
14 82 389
14 84 252
14 85 447
14 87 433
14 91 211
14 92 247
14 93 472
14 94 78
14 97 373
14 98 58
14 100 488
15 2 161
15 4 481
15 6 90
15 7 411
15 8 259
15 9 392
15 13 347
15 16 171
15 19 473
15 20 377
15 21 270
15 27 427
15 28 318
15 30 433
15 33 33
15 39 107
15 42 324
15 43 246
15 44 87
15 45 463
15 48 499
15 52 456
15 56 185
15 59 157
15 61 197
15 65 360
15 67 443
15 74 26
15 76 270
15 77 415
15 80 153
15 85 67
15 87 284
15 88 359
15 90 463
15 92 169
15 93 356
15 95 412
15 97 209
15 98 302
15 100 172
16 1 82
16 5 488
16 6 498
16 8 252
16 9 495
16 10 142
16 12 377
16 14 195
16 15 171
16 17 474
16 19 297
16 21 144
16 23 375
16 24 196
16 28 376
16 29 383
16 31 139
16 32 210
16 33 378
16 34 18
16 35 128
16 36 197
16 39 2
16 42 483
16 45 228
16 47 490
16 48 144
16 50 408
16 53 236
16 54 19
16 55 494
16 57 20
16 62 482
16 63 289
16 64 77
16 65 89
16 66 377
16 70 364
16 73 378
16 74 468
16 75 241
16 77 355
16 78 391
16 80 169
16 83 423
16 86 327
16 87 253
16 88 399
16 91 492
16 92 39
16 93 311
16 94 247
16 95 148
16 99 87
17 3 255
17 4 59
17 5 3
17 6 366
17 7 86
17 10 446
17 12 218
17 14 440
17 16 474
17 18 330
17 20 386
17 23 440
17 25 106
17 26 279
17 27 417
17 28 464
17 29 29
17 30 62
17 33 138
17 34 215
17 36 253
17 37 438
17 38 369
17 42 422
17 43 305
17 44 405
17 46 296
17 47 29
17 48 118
17 51 31
17 55 163
17 56 322
17 57 346
17 59 453
17 64 191
17 69 27
17 70 346
17 71 167
17 73 405
17 75 223
17 80 121
17 88 221
17 89 327
17 90 213
17 96 3
17 97 143
17 98 289
17 100 135
18 1 320
18 5 62
18 7 356
18 8 151
18 9 365
18 10 218
18 11 445
18 13 29
18 14 89
18 17 330
18 20 273
18 21 92
18 26 368
18 27 141
18 28 246
18 29 170
18 32 373
18 33 57
18 37 238
18 39 337
18 40 117
18 41 173
18 43 155
18 46 173
18 49 425
18 50 49
18 53 399
18 56 408
18 58 266
18 59 424
18 63 234
18 64 415
18 66 120
18 68 307
18 69 190
18 70 205
18 73 26
18 78 462
18 79 349
18 84 379
18 85 16
18 86 419
18 87 431
18 96 347
18 97 453
18 99 483
18 100 82
19 1 414
19 2 6
19 4 278
19 5 119
19 6 352
19 7 57
19 9 49
19 15 473
19 16 297
19 20 410
19 21 63
19 22 479
19 23 420
19 25 143
19 26 188
19 31 491
19 32 28
19 33 131
19 35 125
19 36 315
19 37 324
19 39 22
19 40 156
19 43 367
19 44 41
19 47 192
19 48 20
19 49 333
19 52 467
19 53 241
19 54 301
19 56 123
19 59 268
19 60 184
19 62 296
19 63 9
19 64 210
19 71 98
19 75 417
19 77 259
19 79 53
19 80 471
19 82 484
19 84 285
19 86 462
19 88 274
19 89 160
19 94 45
19 95 63
19 96 328
19 97 63
19 98 245
19 99 217
20 2 396
20 4 43
20 7 124
20 8 132
20 10 295
20 15 377
20 17 386
20 18 273
20 19 410
20 24 73
20 26 247
20 27 92
20 29 165
20 30 6
20 31 318
20 32 325
20 33 412
20 34 44
20 35 251
20 38 385
20 39 209
20 41 148
20 42 272
20 43 330
20 44 16
20 45 228
20 47 281
20 48 255
20 50 370
20 51 41
20 52 373
20 55 313
20 59 287
20 63 360
20 64 174
20 65 464
20 68 126
20 72 487
20 73 367
20 74 154
20 75 15
20 77 69
20 78 75
20 81 404
20 83 225
20 85 214
20 86 151
20 90 402
20 94 461
20 95 346
20 96 463
21 4 264
21 7 189
21 10 57
21 11 137
21 12 230
21 15 270
21 16 144
21 18 92
21 19 63
21 22 180
21 25 356
21 28 317
21 31 82
21 32 480
21 36 455
21 39 125
21 40 91
21 41 97
21 42 294
21 46 106
21 49 72
21 50 136
21 52 351
21 53 207
21 54 500
21 57 55
21 59 181
21 61 190
21 64 399
21 66 196
21 67 104
21 68 397
21 69 426
21 71 395
21 72 236
21 74 473
21 76 474
21 77 308
21 78 349
21 79 323
21 80 124
21 81 449
21 84 156
21 87 26
21 89 454
21 90 496
21 91 102
21 92 145
21 95 312
21 96 237
22 1 285
22 3 427
22 4 222
22 5 119
22 6 314
22 7 16
22 9 291
22 10 41
22 12 77
22 13 111
22 19 479
22 21 180
22 23 116
22 26 131
22 27 31
22 29 354
22 32 404
22 33 386
22 35 304
22 36 434
22 40 256
22 41 348
22 50 30
22 51 209
22 54 9
22 58 18
22 59 377
22 62 440
22 63 237
22 64 477
22 65 314
22 66 133
22 67 41
22 70 22
22 71 62
22 72 488
22 75 454
22 78 6
22 80 434
22 83 379
22 84 24
22 86 15
22 87 181
22 89 314
22 92 373
22 93 296
22 94 21
22 95 104
22 97 425
22 100 313
23 1 490
23 3 294
23 4 497
23 8 359
23 13 239
23 16 375
23 17 440
23 19 420
23 22 116
23 25 75
23 26 384
23 28 403
23 30 13
23 31 128
23 38 53
23 47 102
23 50 238
23 51 234
23 54 420
23 56 89
23 60 307
23 62 479
23 63 403
23 65 309
23 67 186
23 71 1
23 75 156
23 76 383
23 77 294
23 78 363
23 80 451
23 82 386
23 84 213
23 85 143
23 89 329
23 90 243
23 93 99
23 94 254
23 95 252
23 97 391
23 100 423
24 1 222
24 2 193
24 3 205
24 10 358
24 11 165
24 12 98
24 14 333
24 16 196
24 20 73
24 25 448
24 26 192
24 27 88
24 28 497
24 30 399
24 31 5
24 33 449
24 35 274
24 36 449
24 39 333
24 40 494
24 42 293
24 45 419
24 48 409
24 49 183
24 53 194
24 56 18
24 59 298
24 60 315
24 61 412
24 62 220
24 63 294
24 64 184
24 65 382
24 67 389
24 70 83
24 71 23
24 72 232
24 75 165
24 77 320
24 78 115
24 79 263
24 80 167
24 82 433
24 83 35
24 85 298
24 87 391
24 89 24
24 90 34
24 91 114
24 94 352
24 95 416
24 96 448
24 98 223
25 3 351
25 6 416
25 9 359
25 12 57
25 13 297
25 14 390
25 17 106
25 19 143
25 21 356
25 23 75
25 24 448
25 29 123
25 37 230
25 38 333
25 39 151
25 40 97
25 44 86
25 47 353
25 48 19
25 51 275
25 55 8
25 57 80
25 58 74
25 60 236
25 61 411
25 62 316
25 63 413
25 66 397
25 70 242
25 72 252
25 73 114
25 74 492
25 75 408
25 78 373
25 81 385
25 84 239
25 86 489
25 87 241
25 88 60
25 89 261
25 90 482
25 91 382
25 92 312
25 94 354
25 95 125
25 96 307
25 99 388
25 100 365
26 1 296
26 2 394
26 5 437
26 6 407
26 7 82
26 9 373
26 14 77
26 17 279
26 18 368
26 19 188
26 20 247
26 22 131
26 23 384
26 24 192
26 30 28
26 32 162
26 34 112
26 35 303
26 37 260
26 38 8
26 39 76
26 41 28
26 45 442
26 50 385
26 51 411
26 52 364
26 54 465
26 55 235
26 57 464
26 61 404
26 63 157
26 64 475
26 66 97
26 70 363
26 71 367
26 73 385
26 77 168
26 79 368
26 82 76
26 84 44
26 85 327
26 86 87
26 87 88
26 90 457
26 91 92
26 93 256
26 95 54
26 97 403
26 98 156
26 99 135
27 2 6
27 3 349
27 5 105
27 8 471
27 13 96
27 14 228
27 15 427
27 17 417
27 18 141
27 20 92
27 22 31
27 24 88
27 29 220
27 34 102
27 35 398
27 36 149
27 37 394
27 38 358
27 47 203
27 49 69
27 50 48
27 51 118
27 52 276
27 53 38
27 54 308
27 55 42
27 57 399
27 58 182
27 59 17
27 61 186
27 63 228
27 64 47
27 66 115
27 67 274
27 69 91
27 72 279
27 73 56
27 74 393
27 75 328
27 76 351
27 79 398
27 80 214
27 82 110
27 83 362
27 84 402
27 85 73
27 86 421
27 87 287
27 88 397
27 90 145
27 91 299
27 93 163
27 94 327
27 96 70
27 97 189
27 100 408
28 3 159
28 4 363
28 9 482
28 11 282
28 13 110
28 15 318
28 16 376
28 17 464
28 18 246
28 21 317
28 23 403
28 24 497
28 29 307
28 32 111
28 33 32
28 40 334
28 44 7
28 50 36
28 51 496
28 52 430
28 53 425
28 54 25
28 55 124
28 57 182
28 59 408
28 60 380
28 61 148
28 62 96
28 65 245
28 66 93
28 68 385
28 70 130
28 73 7
28 76 444
28 77 369
28 81 69
28 83 22
28 84 200
28 85 296
28 89 341
28 91 418
28 94 188
28 98 65
29 1 357
29 2 499
29 5 66
29 9 429
29 11 420
29 12 53
29 14 232
29 16 383
29 17 29
29 18 170
29 20 165
29 22 354
29 25 123
29 27 220
29 28 307
29 30 51
29 31 444
29 32 485
29 34 142
29 36 299
29 37 366
29 38 20
29 39 483
29 40 237
29 43 332
29 44 102
29 47 87
29 48 190
29 51 122
29 53 26
29 55 101
29 59 268
29 61 385
29 63 297
29 66 407
29 70 412
29 71 109
29 74 330
29 76 152
29 78 344
29 79 299
29 81 79
29 83 29
29 87 331
29 88 92
29 90 442
29 92 109
29 100 41
30 1 499
30 4 438
30 5 240
30 6 472
30 8 292
30 10 22
30 11 187
30 13 455
30 15 433
30 17 62
30 20 6
30 23 13
30 24 399
30 26 28
30 29 51
30 32 117
30 34 175
30 36 456
30 37 344
30 40 4
30 45 492
30 46 394
30 47 304
30 48 340
30 52 220
30 53 110
30 55 324
30 56 458
30 57 348
30 58 53
30 60 183
30 61 260
30 62 157
30 63 157
30 64 211
30 65 55
30 66 474
30 68 83
30 70 21
30 72 383
30 73 66
30 74 129
30 75 277
30 76 393
30 77 219
30 79 225
30 87 195
30 88 35
30 91 162
30 93 78
30 94 143
30 98 123
31 1 298
31 4 76
31 5 159
31 7 379
31 9 6
31 12 10
31 14 477
31 16 139
31 19 491
31 20 318
31 21 82
31 23 128
31 24 5
31 29 444
31 34 347
31 37 95
31 39 470
31 40 428
31 42 363
31 43 349
31 44 332
31 45 484
31 48 445
31 51 202
31 54 367
31 55 208
31 56 99
31 58 7
31 59 225
31 60 17
31 61 86
31 62 77
31 63 38
31 64 198
31 65 280
31 74 76
31 75 400
31 84 195
31 89 93
31 92 346
31 93 305
31 94 165
31 95 102
31 96 191
31 98 326
31 100 327
32 1 132
32 5 158
32 8 74
32 10 230
32 13 380
32 16 210
32 18 373
32 19 28
32 20 325
32 21 480
32 22 404
32 26 162
32 28 111
32 29 485
32 30 117
32 36 328
32 37 254
32 38 436
32 40 487
32 43 386
32 45 44
32 47 439
32 50 485
32 52 249
32 55 469
32 56 355
32 57 40
32 58 188
32 60 78
32 63 41
32 64 146
32 66 284
32 67 216
32 71 54
32 75 50
32 76 212
32 80 186
32 81 401
32 84 377
32 85 203
32 88 304
32 89 157
32 90 73
32 91 281
32 92 380
32 93 133
32 94 282
32 95 2
32 96 169
32 97 5
32 98 215
32 99 485
33 1 48
33 2 362
33 4 471
33 5 366
33 7 276
33 8 18
33 9 173
33 10 26
33 11 257
33 13 124
33 14 316
33 15 33
33 16 378
33 17 138
33 18 57
33 19 131
33 20 412
33 22 386
33 24 449
33 28 32
33 34 227
33 36 364
33 38 476
33 39 226
33 40 159
33 41 395
33 42 407
33 43 229
33 44 59
33 45 238
33 46 192
33 47 264
33 50 325
33 51 236
33 52 359
33 56 225
33 57 230
33 58 328
33 59 397
33 64 464
33 65 99
33 66 371
33 67 155
33 69 369
33 70 242
33 71 466
33 72 28
33 74 491
33 76 5
33 78 427
33 79 97
33 80 208
33 81 468
33 85 160
33 90 375
33 91 133
33 92 376
33 93 338
33 94 132
33 95 275
33 96 430
33 98 110
33 100 186
34 1 185
34 4 280
34 11 281
34 12 275
34 13 103
34 16 18
34 17 215
34 20 44
34 26 112
34 27 102
34 29 142
34 30 175
34 31 347
34 33 227
34 35 175
34 38 142
34 40 204
34 41 202
34 44 254
34 45 91
34 46 108
34 48 309
34 49 363
34 53 479
34 58 443
34 59 208
34 63 470
34 65 197
34 66 143
34 71 103
34 73 440
34 75 328
34 78 61
34 79 275
34 84 166
34 92 207
34 95 368
34 99 293
34 100 258
35 3 217
35 4 52
35 7 368
35 8 460
35 16 128
35 19 125
35 20 251
35 22 304
35 24 274
35 26 303
35 27 398
35 34 175
35 36 480
35 37 107
35 38 338
35 40 86
35 43 434
35 46 439
35 47 336
35 51 449
35 54 193
35 56 448
35 57 497
35 61 235
35 62 142
35 63 221
35 66 77
35 74 56
35 76 114
35 77 316
35 79 425
35 81 132
35 83 47
35 84 339
35 85 201
35 86 412
35 88 369
35 89 74
35 90 40
35 91 340
35 93 343
35 94 245
35 95 253
35 97 344
35 99 479
36 1 179
36 3 497
36 5 350
36 8 315
36 11 215
36 12 4
36 13 112
36 16 197
36 17 253
36 19 315
36 21 455
36 22 434
36 24 449
36 27 149
36 29 299
36 30 456
36 32 328
36 33 364
36 35 480
36 37 59
36 38 385
36 39 151
36 42 463
36 43 23
36 44 151
36 47 219
36 48 210
36 49 171
36 54 150
36 55 127
36 57 255
36 59 4
36 60 27
36 61 432
36 62 28
36 63 357
36 64 139
36 65 143
36 66 35
36 67 65
36 68 82
36 69 270
36 70 37
36 71 287
36 72 309
36 74 167
36 77 95
36 78 234
36 80 375
36 81 359
36 86 300
36 87 193
36 88 9
36 89 110
36 91 175
36 93 114
37 2 148
37 4 153
37 6 39
37 7 350
37 9 474
37 10 339
37 11 309
37 12 429
37 13 395
37 14 190
37 17 438
37 18 238
37 19 324
37 25 230
37 26 260
37 27 394
37 29 366
37 30 344
37 31 95
37 32 254
37 35 107
37 36 59
37 38 218
37 39 149
37 40 371
37 41 105
37 42 153
37 43 322
37 44 72
37 49 284
37 50 458
37 52 261
37 54 500
37 55 32
37 56 22
37 57 411
37 59 382
37 61 125
37 65 157
37 66 80
37 67 260
37 69 449
37 71 312
37 72 84
37 73 212
37 76 287
37 78 421
37 80 343
37 82 371
37 83 459
37 85 278
37 86 362
37 87 152
37 95 298
37 96 313
37 97 362
37 98 419
38 2 352
38 8 146
38 10 11
38 12 189
38 13 180
38 14 29
38 17 369
38 20 385
38 23 53
38 25 333
38 26 8
38 27 358
38 29 20
38 32 436
38 33 476
38 34 142
38 35 338
38 36 385
38 37 218
38 40 412
38 41 29
38 42 169
38 43 145
38 46 314
38 49 37
38 52 123
38 53 442
38 56 334
38 58 139
38 60 382
38 61 175
38 62 222
38 64 16
38 67 222
38 68 446
38 70 225
38 71 191
38 75 231
38 76 365
38 77 43
38 78 324
38 79 375
38 80 251
38 81 396
38 83 56
38 84 442
38 85 329
38 86 446
38 87 487
38 89 185
38 92 403
38 93 474
38 96 250
38 97 476
38 98 37
38 100 474
39 3 282
39 5 395
39 7 365
39 8 119
39 9 471
39 15 107
39 16 2
39 18 337
39 19 22
39 20 209
39 21 125
39 24 333
39 25 151
39 26 76
39 29 483
39 31 470
39 33 226
39 36 151
39 37 149
39 41 114
39 42 383
39 44 387
39 45 301
39 46 191
39 47 54
39 49 463
39 57 416
39 59 41
39 63 288
39 64 495
39 65 421
39 66 423
39 68 359
39 69 354
39 71 218
39 73 5
39 74 390
39 76 288
39 78 257
39 80 299
39 81 376
39 83 332
39 84 25
39 85 218
39 86 363
39 87 86
39 88 49
39 89 45
39 90 376
39 92 474
39 94 373
39 97 359
39 98 236
39 99 239
40 2 106
40 4 81
40 7 388
40 8 199
40 9 37
40 10 478
40 14 12
40 18 117
40 19 156
40 21 91
40 22 256
40 24 494
40 25 97
40 28 334
40 29 237
40 30 4
40 31 428
40 32 487
40 33 159
40 34 204
40 35 86
40 37 371
40 38 412
40 43 111
40 47 199
40 48 166
40 49 312
40 51 240
40 52 457
40 53 334
40 54 311
40 56 482
40 57 263
40 61 346
40 68 345
40 69 211
40 71 419
40 72 275
40 73 137
40 74 121
40 75 111
40 76 80
40 82 498
40 84 153
40 85 325
40 86 115
40 88 100
40 89 281
40 92 419
40 96 121
40 100 344
41 1 417
41 5 387
41 6 44
41 8 95
41 10 287
41 11 279
41 13 36
41 14 404
41 18 173
41 20 148
41 21 97
41 22 348
41 26 28
41 33 395
41 34 202
41 37 105
41 38 29
41 39 114
41 42 56
41 43 118
41 44 13
41 47 170
41 48 34
41 49 352
41 50 360
41 57 478
41 61 128
41 62 280
41 63 377
41 69 324
41 70 43
41 71 159
41 74 190
41 76 260
41 78 131
41 79 284
41 81 398
41 82 33
41 83 186
41 85 500
41 86 146
41 87 414
41 88 348
41 89 13
41 92 219
41 94 79
41 95 451
41 96 291
41 97 479
41 98 288
42 2 70
42 4 267
42 6 483
42 11 250
42 12 279
42 15 324
42 16 483
42 17 422
42 20 272
42 21 294
42 24 293
42 31 363
42 33 407
42 36 463
42 37 153
42 38 169
42 39 383
42 41 56
42 43 6
42 45 312
42 47 397
42 48 258
42 51 402
42 52 17
42 56 359
42 57 143
42 58 233
42 62 121
42 63 227
42 64 268
42 66 205
42 69 390
42 72 66
42 73 273
42 77 212
42 81 10
42 82 499
42 84 45
42 87 451
42 89 65
42 92 208
42 94 367
42 95 106
42 96 390
42 97 177
42 98 464
42 99 371
43 1 293
43 2 263
43 3 66
43 4 207
43 7 136
43 9 151
43 10 375
43 11 329
43 15 246
43 17 305
43 18 155
43 19 367
43 20 330
43 29 332
43 31 349
43 32 386
43 33 229
43 35 434
43 36 23
43 37 322
43 38 145
43 40 111
43 41 118
43 42 6
43 44 199
43 45 88
43 46 212
43 51 288
43 52 199
43 53 436
43 55 389
43 60 227
43 61 303
43 63 130
43 66 113
43 67 212
43 68 457
43 69 283
43 71 293
43 73 74
43 75 369
43 76 173
43 78 479
43 80 453
43 82 227
43 88 261
43 94 440
43 97 488
43 100 26
44 2 75
44 4 383
44 7 125
44 8 138
44 9 305
44 13 409
44 14 357
44 15 87
44 17 405
44 19 41
44 20 16
44 25 86
44 28 7
44 29 102
44 31 332
44 33 59
44 34 254
44 36 151
44 37 72
44 39 387
44 41 13
44 43 199
44 45 352
44 46 328
44 47 199
44 48 91
44 49 311
44 50 494
44 51 347
44 53 472
44 59 173
44 65 403
44 68 351
44 70 421
44 71 80
44 72 399
44 73 183
44 74 140
44 76 274
44 78 223
44 80 359
44 83 415
44 84 480
44 86 211
44 87 4
44 88 15
44 89 82
44 92 375
44 94 478
45 1 337
45 2 485
45 3 87
45 11 44
45 14 310
45 15 463
45 16 228
45 20 228
45 24 419
45 26 442
45 30 492
45 31 484
45 32 44
45 33 238
45 34 91
45 39 301
45 42 312
45 43 88
45 44 352
45 47 179
45 50 326
45 51 75
45 52 486
45 54 96
45 55 227
45 56 229
45 57 196
45 58 272
45 61 207
45 62 201
45 63 232
45 66 37
45 69 248
45 72 432
45 73 408
45 74 211
45 75 199
45 79 20
45 80 320
45 82 222
45 83 353
45 85 89
45 86 166
45 87 418
45 90 450
45 91 399
45 92 68
45 93 100
45 94 128
45 96 466
45 98 218
46 1 414
46 3 149
46 6 146
46 8 181
46 11 48
46 12 397
46 14 5
46 17 296
46 18 173
46 21 106
46 30 394
46 33 192
46 34 108
46 35 439
46 38 314
46 39 191
46 43 212
46 44 328
46 48 151
46 52 366
46 54 7
46 57 269
46 58 496
46 60 83
46 62 412
46 64 129
46 66 267
46 68 491
46 71 146
46 74 316
46 75 321
46 77 455
46 79 280
46 80 103
46 81 164
46 85 142
46 87 296
46 89 254
46 90 147
46 97 303
46 98 71
46 100 12
47 1 236
47 3 363
47 5 393
47 7 230
47 10 207
47 16 490
47 17 29
47 19 192
47 20 281
47 23 102
47 25 353
47 27 203
47 29 87
47 30 304
47 32 439
47 33 264
47 35 336
47 36 219
47 39 54
47 40 199
47 41 170
47 42 397
47 44 199
47 45 179
47 51 280
47 52 469
47 55 195
47 57 487
47 58 72
47 62 424
47 69 144
47 72 398
47 73 13
47 74 336
47 77 488
47 78 452
47 79 1
47 80 249
47 81 359
47 82 320
47 84 361
47 85 89
47 88 326
47 93 469
47 95 185
47 96 323
47 97 150
48 5 125
48 6 174
48 7 422
48 10 277
48 12 473
48 14 10
48 15 499
48 16 144
48 17 118
48 19 20
48 20 255
48 24 409
48 25 19
48 29 190
48 30 340
48 31 445
48 34 309
48 36 210
48 40 166
48 41 34
48 42 258
48 44 91
48 46 151
48 49 105
48 50 297
48 52 302
48 57 66
48 60 405
48 61 119
48 64 446
48 66 418
48 67 31
48 68 396
48 70 308
48 72 144
48 73 148
48 74 399
48 76 135
48 77 316
48 79 363
48 80 239
48 81 480
48 86 250
48 90 116
48 93 256
48 94 3
48 98 257
48 99 494
48 100 142
49 1 102
49 7 194
49 8 303
49 9 281
49 10 191
49 13 94
49 18 425
49 19 333
49 21 72
49 24 183
49 27 69
49 34 363
49 36 171
49 37 284
49 38 37
49 39 463
49 40 312
49 41 352
49 44 311
49 48 105
49 52 225
49 53 92
49 54 478
49 57 468
49 64 241
49 65 378
49 67 335
49 70 248
49 73 129
49 75 159
49 79 462
49 81 475
49 82 403
49 83 387
49 84 447
49 86 325
49 87 106
49 88 72
49 89 411
49 90 169
49 92 8
49 93 350
49 94 77
49 95 268
49 99 267
50 1 323
50 3 110
50 6 188
50 7 21
50 12 118
50 13 103
50 14 407
50 16 408
50 18 49
50 20 370
50 21 136
50 22 30
50 23 238
50 26 385
50 27 48
50 28 36
50 32 485
50 33 325
50 37 458
50 41 360
50 44 494
50 45 326
50 48 297
50 55 494
50 56 492
50 61 107
50 62 218
50 64 432
50 67 297
50 68 49
50 70 132
50 73 479
50 74 115
50 77 178
50 87 239
50 88 420
50 89 494
50 91 224
50 92 76
50 93 103
50 94 413
50 95 308
50 98 77
50 99 137
50 100 347
51 6 196
51 7 194
51 8 485
51 10 339
51 13 39
51 14 481
51 17 31
51 20 41
51 22 209
51 23 234
51 25 275
51 26 411
51 27 118
51 28 496
51 29 122
51 31 202
51 33 236
51 35 449
51 40 240
51 42 402
51 43 288
51 44 347
51 45 75
51 47 280
51 53 354
51 54 78
51 55 231
51 56 398
51 58 327
51 59 88
51 60 25
51 63 19
51 65 183
51 66 332
51 68 478
51 71 108
51 73 278
51 74 309
51 75 52
51 76 323
51 77 155
51 78 18
51 83 31
51 84 467
51 85 421
51 89 155
51 90 175
51 92 220
51 94 27
51 97 199
52 2 2
52 4 110
52 5 158
52 6 429
52 7 497
52 8 469
52 9 32
52 11 261
52 12 447
52 13 185
52 14 320
52 15 456
52 19 467
52 20 373
52 21 351
52 26 364
52 27 276
52 28 430
52 30 220
52 32 249
52 33 359
52 37 261
52 38 123
52 40 457
52 42 17
52 43 199
52 45 486
52 46 366
52 47 469
52 48 302
52 49 225
52 53 405
52 59 6
52 62 247
52 63 42
52 65 71
52 66 94
52 67 176
52 69 106
52 73 499
52 74 325
52 75 443
52 78 439
52 80 22
52 81 186
52 82 471
52 84 456
52 93 433
52 94 32
52 95 157
52 98 39
52 99 383
52 100 413
53 3 441
53 12 38
53 16 236
53 18 399
53 19 241
53 21 207
53 24 194
53 27 38
53 28 425
53 29 26
53 30 110
53 34 479
53 38 442
53 40 334
53 43 436
53 44 472
53 49 92
53 51 354
53 52 405
53 54 137
53 58 60
53 59 331
53 60 234
53 61 296
53 62 403
53 63 1
53 66 72
53 69 121
53 70 480
53 71 112
53 72 71
53 73 484
53 78 259
53 83 350
53 84 457
53 89 19
53 90 71
53 93 44
53 94 352
53 95 398
53 96 97
53 100 459
54 4 375
54 7 489
54 8 192
54 9 415
54 14 100
54 16 19
54 19 301
54 21 500
54 22 9
54 23 420
54 26 465
54 27 308
54 28 25
54 31 367
54 35 193
54 36 150
54 37 500
54 40 311
54 45 96
54 46 7
54 49 478
54 51 78
54 53 137
54 61 160
54 62 190
54 67 302
54 68 231
54 70 225
54 72 163
54 74 61
54 75 295
54 77 348
54 80 67
54 82 492
54 83 93
54 84 423
54 86 400
54 88 44
54 90 94
54 91 51
54 92 173
54 93 368
54 95 27
54 97 13
54 99 33
54 100 324
55 1 454
55 2 180
55 4 371
55 5 24
55 9 103
55 10 440
55 12 320
55 14 313
55 16 494
55 17 163
55 20 313
55 25 8
55 26 235
55 27 42
55 28 124
55 29 101
55 30 324
55 31 208
55 32 469
55 36 127
55 37 32
55 43 389
55 45 227
55 47 195
55 50 494
55 51 231
55 56 131
55 59 67
55 61 179
55 62 376
55 64 336
55 65 444
55 66 310
55 67 1
55 68 9
55 70 265
55 71 317
55 72 87
55 73 109
55 74 28
55 77 297
55 78 337
55 79 373
55 84 460
55 85 362
55 86 167
55 87 494
55 89 405
56 3 15
56 4 119
56 11 301
56 14 453
56 15 185
56 17 322
56 18 408
56 19 123
56 23 89
56 24 18
56 30 458
56 31 99
56 32 355
56 33 225
56 35 448
56 37 22
56 38 334
56 40 482
56 42 359
56 45 229
56 50 492
56 51 398
56 55 131
56 60 222
56 65 156
56 66 262
56 67 295
56 68 30
56 71 259
56 72 240
56 76 291
56 79 235
56 83 184
56 86 298
56 91 458
56 92 368
56 95 262
56 99 316
56 100 417
57 2 153
57 3 298
57 9 229
57 10 134
57 16 20
57 17 346
57 21 55
57 25 80
57 26 464
57 27 399
57 28 182
57 30 348
57 32 40
57 33 230
57 35 497
57 36 255
57 37 411
57 39 416
57 40 263
57 41 478
57 42 143
57 45 196
57 46 269
57 47 487
57 48 66
57 49 468
57 58 142
57 59 350
57 63 490
57 64 134
57 65 432
57 68 379
57 69 170
57 72 307
57 77 350
57 79 352
57 80 35
57 81 90
57 85 423
57 91 346
57 93 104
57 94 227
57 95 474
58 1 170
58 2 142
58 4 336
58 6 293
58 7 261
58 9 227
58 12 241
58 14 408
58 18 266
58 22 18
58 25 74
58 27 182
58 30 53
58 31 7
58 32 188
58 33 328
58 34 443
58 38 139
58 42 233
58 45 272
58 46 496
58 47 72
58 51 327
58 53 60
58 57 142
58 60 5
58 61 307
58 62 395
58 65 387
58 68 296
58 70 376
58 71 18
58 75 68
58 76 161
58 80 266
58 84 279
58 87 376
58 88 37
58 89 116
58 93 78
58 95 35
58 97 495
58 100 440
59 1 263
59 3 238
59 4 119
59 5 103
59 6 181
59 8 30
59 10 307
59 13 277
59 14 378
59 15 157
59 17 453
59 18 424
59 19 268
59 20 287
59 21 181
59 22 377
59 24 298
59 27 17
59 28 408
59 29 268
59 31 225
59 33 397
59 34 208
59 36 4
59 37 382
59 39 41
59 44 173
59 51 88
59 52 6
59 53 331
59 55 67
59 57 350
59 61 51
59 64 123
59 66 374
59 71 479
59 72 19
59 73 139
59 74 79
59 76 3
59 77 93
59 79 400
59 80 183
59 81 429
59 83 238
59 91 444
59 95 160
59 98 275
59 99 217
60 1 234
60 2 173
60 5 153
60 10 184
60 11 471
60 19 184
60 23 307
60 24 315
60 25 236
60 28 380
60 30 183
60 31 17
60 32 78
60 36 27
60 38 382
60 43 227
60 46 83
60 48 405
60 51 25
60 53 234
60 56 222
60 58 5
60 61 193
60 62 75
60 63 295
60 65 355
60 66 77
60 67 161
60 69 473
60 70 145
60 71 162
60 76 160
60 81 127
60 83 294
60 85 261
60 91 458
60 92 40
60 95 485
60 98 355
60 99 42
61 1 448
61 2 236
61 5 231
61 6 110
61 7 20
61 9 117
61 14 441
61 15 197
61 21 190
61 24 412
61 25 411
61 26 404
61 27 186
61 28 148
61 29 385
61 30 260
61 31 86
61 35 235
61 36 432
61 37 125
61 38 175
61 40 346
61 41 128
61 43 303
61 45 207
61 48 119
61 50 107
61 53 296
61 54 160
61 55 179
61 58 307
61 59 51
61 60 193
61 62 142
61 63 53
61 64 64
61 66 380
61 67 489
61 68 476
61 69 82
61 73 160
61 76 291
61 77 405
61 78 214
61 79 427
61 80 396
61 81 74
61 82 320
61 84 424
61 88 444
61 89 106
61 90 323
61 91 184
61 93 315
61 94 469
61 96 227
61 99 334
61 100 381
62 2 433
62 3 192
62 4 121
62 5 37
62 7 12
62 8 200
62 9 408
62 10 200
62 12 145
62 16 482
62 19 296
62 22 440
62 23 479
62 24 220
62 25 316
62 28 96
62 30 157
62 31 77
62 35 142
62 36 28
62 38 222
62 41 280
62 42 121
62 45 201
62 46 412
62 47 424
62 50 218
62 52 247
62 53 403
62 54 190
62 55 376
62 58 395
62 60 75
62 61 142
62 64 3
62 65 186
62 66 426
62 68 241
62 69 376
62 70 358
62 71 441
62 73 334
62 74 269
62 78 381
62 81 300
62 83 264
62 84 363
62 85 223
62 86 7
62 91 380
62 95 443
62 96 72
62 97 184
62 98 391
62 99 355
62 100 329
63 2 68
63 3 176
63 4 371
63 5 321
63 6 438
63 7 39
63 8 249
63 10 238
63 11 477
63 12 125
63 16 289
63 18 234
63 19 9
63 20 360
63 22 237
63 23 403
63 24 294
63 25 413
63 26 157
63 27 228
63 29 297
63 30 157
63 31 38
63 32 41
63 34 470
63 35 221
63 36 357
63 39 288
63 41 377
63 42 227
63 43 130
63 45 232
63 51 19
63 52 42
63 53 1
63 57 490
63 60 295
63 61 53
63 64 482
63 65 241
63 67 431
63 68 383
63 69 369
63 70 160
63 72 80
63 73 259
63 74 337
63 77 78
63 85 323
63 87 277
63 88 325
63 89 133
63 98 443
63 99 482
64 3 75
64 7 207
64 8 7
64 9 409
64 10 320
64 12 187
64 13 385
64 14 114
64 16 77
64 17 191
64 18 415
64 19 210
64 20 174
64 21 399
64 22 477
64 24 184
64 26 475
64 27 47
64 30 211
64 31 198
64 32 146
64 33 464
64 36 139
64 38 16
64 39 495
64 42 268
64 46 129
64 48 446
64 49 241
64 50 432
64 55 336
64 57 134
64 59 123
64 61 64
64 62 3
64 63 482
64 70 190
64 71 264
64 72 442
64 79 105
64 80 461
64 81 384
64 83 230
64 84 110
64 85 136
64 86 472
64 87 284
64 88 358
64 90 21
64 94 80
64 99 168
65 1 7
65 2 428
65 3 435
65 8 139
65 9 310
65 10 52
65 12 6
65 14 130
65 15 360
65 16 89
65 20 464
65 22 314
65 23 309
65 24 382
65 28 245
65 30 55
65 31 280
65 33 99
65 34 197
65 36 143
65 37 157
65 39 421
65 44 403
65 49 378
65 51 183
65 52 71
65 55 444
65 56 156
65 57 432
65 58 387
65 60 355
65 62 186
65 63 241
65 66 93
65 69 241
65 70 402
65 75 421
65 81 18
65 84 257
65 85 343
65 86 194
65 88 333
65 89 403
65 90 303
65 91 110
65 92 347
65 95 125
65 97 149
65 98 370
65 99 300
65 100 431
66 8 382
66 12 326
66 13 172
66 14 428
66 16 377
66 18 120
66 21 196
66 22 133
66 25 397
66 26 97
66 27 115
66 28 93
66 29 407
66 30 474
66 32 284
66 33 371
66 34 143
66 35 77
66 36 35
66 37 80
66 39 423
66 42 205
66 43 113
66 45 37
66 46 267
66 48 418
66 51 332
66 52 94
66 53 72
66 55 310
66 56 262
66 59 374
66 60 77
66 61 380
66 62 426
66 65 93
66 68 360
66 69 178
66 73 137
66 74 91
66 75 290
66 76 163
66 77 7
66 80 337
66 83 392
66 85 2
66 87 397
66 90 332
66 92 105
66 94 153
66 97 355
66 98 217
67 5 145
67 9 396
67 11 150
67 12 335
67 15 443
67 21 104
67 22 41
67 23 186
67 24 389
67 27 274
67 32 216
67 33 155
67 36 65
67 37 260
67 38 222
67 43 212
67 48 31
67 49 335
67 50 297
67 52 176
67 54 302
67 55 1
67 56 295
67 60 161
67 61 489
67 63 431
67 69 478
67 71 268
67 72 54
67 73 396
67 77 58
67 80 158
67 81 176
67 82 256
67 83 296
67 84 11
67 87 40
67 89 247
67 90 378
67 91 305
67 94 458
67 95 167
67 96 141
67 97 339
67 100 54
68 5 407
68 6 90
68 9 497
68 11 473
68 12 455
68 14 109
68 18 307
68 20 126
68 21 397
68 28 385
68 30 83
68 36 82
68 38 446
68 39 359
68 40 345
68 43 457
68 44 351
68 46 491
68 48 396
68 50 49
68 51 478
68 54 231
68 55 9
68 56 30
68 57 379
68 58 296
68 61 476
68 62 241
68 63 383
68 66 360
68 71 186
68 72 91
68 75 471
68 77 438
68 78 444
68 79 316
68 83 372
68 84 135
68 87 160
68 88 32
68 89 348
68 90 79
68 92 320
68 93 489
68 95 420
68 96 452
68 97 146
68 98 229
68 99 389
69 1 287
69 3 234
69 5 254
69 6 193
69 9 225
69 10 41
69 12 346
69 13 104
69 14 238
69 17 27
69 18 190
69 21 426
69 27 91
69 33 369
69 36 270
69 37 449
69 39 354
69 40 211
69 41 324
69 42 390
69 43 283
69 45 248
69 47 144
69 52 106
69 53 121
69 57 170
69 60 473
69 61 82
69 62 376
69 63 369
69 65 241
69 66 178
69 67 478
69 70 192
69 71 43
69 73 319
69 74 332
69 76 452
69 80 90
69 82 238
69 83 395
69 84 259
69 86 307
69 87 277
69 88 153
69 90 223
69 92 415
69 93 36
69 95 19
69 96 211
69 99 195
69 100 214
70 1 258
70 2 96
70 3 366
70 4 196
70 7 457
70 9 162
70 11 467
70 16 364
70 17 346
70 18 205
70 22 22
70 24 83
70 25 242
70 26 363
70 28 130
70 29 412
70 30 21
70 33 242
70 36 37
70 38 225
70 41 43
70 44 421
70 48 308
70 49 248
70 50 132
70 53 480
70 54 225
70 55 265
70 58 376
70 60 145
70 62 358
70 63 160
70 64 190
70 65 402
70 69 192
70 73 255
70 76 239
70 78 438
70 80 333
70 81 384
70 82 482
70 87 463
70 88 420
70 89 142
70 90 304
70 91 6
70 93 360
70 100 345
71 3 253
71 8 24
71 12 163
71 13 5
71 17 167
71 19 98
71 21 395
71 22 62
71 23 1
71 24 23
71 26 367
71 29 109
71 32 54
71 33 466
71 34 103
71 36 287
71 37 312
71 38 191
71 39 218
71 40 419
71 41 159
71 43 293
71 44 80
71 46 146
71 51 108
71 53 112
71 55 317
71 56 259
71 58 18
71 59 479
71 60 162
71 62 441
71 64 264
71 67 268
71 68 186
71 69 43
71 72 144
71 73 306
71 74 315
71 76 221
71 79 319
71 80 241
71 81 407
71 83 101
71 85 113
71 91 226
71 92 231
71 93 168
71 96 424
71 98 299
71 99 38
71 100 231
72 2 31
72 6 107
72 8 261
72 9 248
72 10 158
72 11 493
72 13 40
72 20 487
72 21 236
72 22 488
72 24 232
72 25 252
72 27 279
72 30 383
72 33 28
72 36 309
72 37 84
72 40 275
72 42 66
72 44 399
72 45 432
72 47 398
72 48 144
72 53 71
72 54 163
72 55 87
72 56 240
72 57 307
72 59 19
72 63 80
72 64 442
72 67 54
72 68 91
72 71 144
72 73 338
72 74 131
72 75 278
72 81 112
72 83 338
72 84 132
72 85 462
72 86 410
72 87 500
72 89 147
72 90 107
72 92 469
72 93 412
72 96 411
72 98 237
72 99 118
72 100 406
73 1 22
73 4 46
73 5 63
73 7 354
73 8 427
73 14 371
73 16 378
73 17 405
73 18 26
73 20 367
73 25 114
73 26 385
73 27 56
73 28 7
73 30 66
73 34 440
73 37 212
73 39 5
73 40 137
73 42 273
73 43 74
73 44 183
73 45 408
73 47 13
73 48 148
73 49 129
73 50 479
73 51 278
73 52 499
73 53 484
73 55 109
73 59 139
73 61 160
73 62 334
73 63 259
73 66 137
73 67 396
73 69 319
73 70 255
73 71 306
73 72 338
73 75 460
73 76 450
73 79 48
73 81 107
73 82 425
73 83 414
73 84 310
73 85 326
73 86 232
73 88 356
73 90 449
73 91 139
73 95 462
73 96 428
73 97 49
74 1 303
74 2 489
74 3 270
74 4 201
74 6 255
74 7 226
74 9 317
74 11 494
74 12 291
74 15 26
74 16 468
74 20 154
74 21 473
74 25 492
74 27 393
74 29 330
74 30 129
74 31 76
74 33 491
74 35 56
74 36 167
74 39 390
74 40 121
74 41 190
74 44 140
74 45 211
74 46 316
74 47 336
74 48 399
74 50 115
74 51 309
74 52 325
74 54 61
74 55 28
74 59 79
74 62 269
74 63 337
74 66 91
74 69 332
74 71 315
74 72 131
74 77 150
74 78 113
74 79 327
74 81 474
74 82 127
74 83 98
74 84 359
74 86 216
74 91 490
74 92 314
74 93 219
74 95 175
74 96 186
74 98 354
74 100 344
75 3 493
75 4 56
75 5 313
75 6 293
75 7 209
75 9 53
75 10 336
75 12 286
75 13 443
75 14 439
75 16 241
75 17 223
75 19 417
75 20 15
75 22 454
75 23 156
75 24 165
75 25 408
75 27 328
75 30 277
75 31 400
75 32 50
75 34 328
75 38 231
75 40 111
75 43 369
75 45 199
75 46 321
75 49 159
75 51 52
75 52 443
75 54 295
75 58 68
75 65 421
75 66 290
75 68 471
75 72 278
75 73 460
75 77 60
75 80 105
75 81 367
75 83 419
75 85 77
75 86 259
75 91 407
75 92 489
75 95 64
75 97 2
75 98 66
75 100 455
76 7 316
76 8 325
76 9 154
76 11 350
76 12 110
76 13 282
76 14 125
76 15 270
76 21 474
76 23 383
76 27 351
76 28 444
76 29 152
76 30 393
76 32 212
76 33 5
76 35 114
76 37 287
76 38 365
76 39 288
76 40 80
76 41 260
76 43 173
76 44 274
76 48 135
76 51 323
76 56 291
76 58 161
76 59 3
76 60 160
76 61 291
76 66 163
76 69 452
76 70 239
76 71 221
76 73 450
76 78 152
76 80 58
76 81 235
76 82 193
76 85 318
76 90 345
76 92 181
76 94 284
76 95 393
76 96 187
76 99 240
77 3 376
77 4 247
77 5 20
77 6 425
77 8 120
77 11 68
77 15 415
77 16 355
77 19 259
77 20 69
77 21 308
77 23 294
77 24 320
77 26 168
77 28 369
77 30 219
77 35 316
77 36 95
77 38 43
77 42 212
77 46 455
77 47 488
77 48 316
77 50 178
77 51 155
77 54 348
77 55 297
77 57 350
77 59 93
77 61 405
77 63 78
77 66 7
77 67 58
77 68 438
77 74 150
77 75 60
77 78 344
77 79 407
77 80 437
77 81 74
77 82 441
77 83 91
77 85 477
77 88 20
77 89 50
77 95 359
77 96 344
77 98 100
77 99 150
77 100 395
78 5 427
78 8 177
78 13 68
78 16 391
78 18 462
78 20 75
78 21 349
78 22 6
78 23 363
78 24 115
78 25 373
78 29 344
78 33 427
78 34 61
78 36 234
78 37 421
78 38 324
78 39 257
78 41 131
78 43 479
78 44 223
78 47 452
78 51 18
78 52 439
78 53 259
78 55 337
78 61 214
78 62 381
78 68 444
78 70 438
78 74 113
78 76 152
78 77 344
78 83 80
78 84 376
78 89 89
78 90 75
78 94 264
78 98 94
78 99 327
78 100 392
79 1 402
79 2 375
79 4 448
79 5 78
79 6 88
79 7 96
79 8 220
79 9 77
79 10 383
79 14 88
79 18 349
79 19 53
79 21 323
79 24 263
79 26 368
79 27 398
79 29 299
79 30 225
79 33 97
79 34 275
79 35 425
79 38 375
79 41 284
79 45 20
79 46 280
79 47 1
79 48 363
79 49 462
79 55 373
79 56 235
79 57 352
79 59 400
79 61 427
79 64 105
79 68 316
79 71 319
79 73 48
79 74 327
79 77 407
79 81 415
79 83 254
79 85 328
79 87 300
79 88 383
79 91 253
79 96 219
79 97 22
79 98 487
79 99 258
80 2 81
80 3 60
80 5 481
80 7 244
80 8 95
80 9 297
80 10 249
80 11 365
80 12 270
80 13 47
80 14 67
80 15 153
80 16 169
80 17 121
80 19 471
80 21 124
80 22 434
80 23 451
80 24 167
80 27 214
80 32 186
80 33 208
80 36 375
80 37 343
80 38 251
80 39 299
80 43 453
80 44 359
80 45 320
80 46 103
80 47 249
80 48 239
80 52 22
80 54 67
80 57 35
80 58 266
80 59 183
80 61 396
80 64 461
80 66 337
80 67 158
80 69 90
80 70 333
80 71 241
80 75 105
80 76 58
80 77 437
80 82 391
80 84 461
80 87 217
80 88 479
80 90 255
80 91 6
80 94 2
80 95 256
80 97 217
80 98 188
80 99 147
80 100 469
81 2 229
81 3 382
81 4 111
81 5 184
81 9 298
81 13 164
81 20 404
81 21 449
81 25 385
81 28 69
81 29 79
81 32 401
81 33 468
81 35 132
81 36 359
81 38 396
81 39 376
81 41 398
81 42 10
81 46 164
81 47 359
81 48 480
81 49 475
81 52 186
81 57 90
81 59 429
81 60 127
81 61 74
81 62 300
81 64 384
81 65 18
81 67 176
81 70 384
81 71 407
81 72 112
81 73 107
81 74 474
81 75 367
81 76 235
81 77 74
81 79 415
81 82 390
81 83 95
81 84 142
81 85 367
81 86 304
81 88 408
81 89 314
81 91 236
81 92 316
81 94 342
81 95 167
81 97 185
81 98 63
81 99 183
81 100 212
82 3 439
82 4 341
82 5 38
82 6 260
82 14 389
82 19 484
82 23 386
82 24 433
82 26 76
82 27 110
82 37 371
82 40 498
82 41 33
82 42 499
82 43 227
82 45 222
82 47 320
82 49 403
82 52 471
82 54 492
82 61 320
82 67 256
82 69 238
82 70 482
82 73 425
82 74 127
82 76 193
82 77 441
82 80 391
82 81 390
82 83 300
82 85 216
82 86 406
82 87 477
82 88 436
82 90 364
82 94 218
82 98 444
82 99 441
82 100 96
83 2 377
83 5 464
83 12 459
83 16 423
83 20 225
83 22 379
83 24 35
83 27 362
83 28 22
83 29 29
83 35 47
83 37 459
83 38 56
83 39 332
83 41 186
83 44 415
83 45 353
83 49 387
83 51 31
83 53 350
83 54 93
83 56 184
83 59 238
83 60 294
83 62 264
83 64 230
83 66 392
83 67 296
83 68 372
83 69 395
83 71 101
83 72 338
83 73 414
83 74 98
83 75 419
83 77 91
83 78 80
83 79 254
83 81 95
83 82 300
83 85 257
83 87 95
83 89 236
83 91 81
83 93 308
83 97 193
83 98 289
83 100 474
84 1 28
84 2 453
84 3 336
84 5 216
84 6 140
84 9 463
84 10 489
84 12 210
84 14 252
84 18 379
84 19 285
84 21 156
84 22 24
84 23 213
84 25 239
84 26 44
84 27 402
84 28 200
84 31 195
84 32 377
84 34 166
84 35 339
84 38 442
84 39 25
84 40 153
84 42 45
84 44 480
84 47 361
84 49 447
84 51 467
84 52 456
84 53 457
84 54 423
84 55 460
84 58 279
84 61 424
84 62 363
84 64 110
84 65 257
84 67 11
84 68 135
84 69 259
84 72 132
84 73 310
84 74 359
84 78 376
84 80 461
84 81 142
84 85 405
84 86 32
84 88 283
84 90 341
84 93 189
84 94 178
84 96 373
84 99 311
84 100 15
85 4 59
85 5 294
85 6 454
85 7 417
85 8 323
85 13 115
85 14 447
85 15 67
85 18 16
85 20 214
85 23 143
85 24 298
85 26 327
85 27 73
85 28 296
85 32 203
85 33 160
85 35 201
85 37 278
85 38 329
85 39 218
85 40 325
