100 7920
1 2 477
1 4 321
1 5 417
1 6 46
1 8 471
1 9 358
1 10 494
1 11 314
1 13 36
1 14 425
1 15 326
1 16 311
1 17 128
1 18 82
1 19 171
1 20 235
1 21 195
1 22 476
1 23 294
1 24 117
1 25 231
1 26 410
1 27 78
1 28 198
1 29 18
1 30 439
1 31 60
1 32 253
1 33 399
1 34 3
1 35 60
1 36 171
1 38 64
1 39 207
1 40 71
1 41 138
1 42 199
1 43 10
1 44 245
1 45 136
1 46 306
1 48 483
1 50 65
1 52 359
1 53 206
1 54 289
1 57 466
1 58 356
1 60 189
1 61 291
1 63 140
1 64 307
1 65 173
1 67 36
1 68 257
1 69 34
1 70 112
1 71 128
1 72 291
1 73 222
1 74 493
1 75 479
1 77 119
1 79 500
1 81 256
1 83 494
1 84 108
1 85 457
1 86 431
1 87 120
1 88 37
1 89 227
1 90 456
1 91 412
1 92 500
1 93 304
1 94 428
1 95 321
1 96 88
1 97 197
1 98 322
1 100 172
2 1 477
2 3 168
2 4 391
2 5 463
2 6 245
2 7 78
2 10 123
2 11 262
2 12 486
2 13 474
2 14 40
2 15 305
2 16 500
2 17 45
2 18 246
2 21 348
2 22 239
2 23 451
2 24 452
2 25 247
2 26 418
2 27 13
2 28 479
2 29 429
2 30 492
2 31 51
2 32 14
2 33 35
2 34 369
2 35 274
2 36 451
2 37 74
2 39 313
2 41 395
2 42 230
2 43 405
2 44 452
2 45 339
2 46 29
2 47 178
2 48 251
2 49 371
2 50 106
2 51 213
2 52 86
2 53 7
2 54 346
2 55 113
2 57 172
2 58 300
2 60 202
2 62 204
2 63 144
2 64 481
2 65 311
2 67 454
2 68 383
2 70 313
2 71 331
2 72 285
2 73 150
2 74 393
2 75 303
2 76 447
2 77 292
2 79 378
2 80 247
2 82 300
2 83 326
2 84 145
2 85 307
2 87 73
2 89 292
2 90 293
2 91 411
2 93 129
2 94 164
2 95 164
2 96 362
2 97 243
2 98 323
2 99 308
3 2 168
3 4 480
3 6 440
3 8 378
3 9 22
3 10 480
3 12 36
3 13 233
3 14 296
3 16 167
3 17 447
3 18 399
3 19 148
3 20 386
3 21 307
3 22 98
3 23 106
3 24 26
3 26 324
3 27 442
3 28 430
3 29 33
3 30 372
3 31 342
3 32 379
3 33 335
3 34 113
3 36 233
3 38 476
3 39 311
3 40 144
3 41 57
3 42 342
3 47 32
3 48 417
3 49 65
3 50 179
3 51 301
3 54 368
3 55 406
3 56 165
3 57 118
3 59 82
3 60 271
3 61 53
3 62 54
3 63 132
3 64 288
3 66 427
3 68 51
3 69 445
3 70 153
3 71 156
3 72 122
3 73 139
3 74 497
3 77 190
3 78 325
3 80 247
3 81 47
3 82 148
3 83 458
3 84 351
3 86 442
3 87 236
3 88 179
3 89 280
3 90 65
3 91 277
3 92 20
3 95 469
3 96 262
3 98 362
3 99 233
4 1 321
4 2 391
4 3 480
4 5 264
4 6 51
4 8 375
4 9 366
4 10 403
4 11 373
4 12 43
4 13 204
4 14 147
4 15 288
4 16 350
4 18 146
4 19 251
4 20 55
4 21 359
4 22 43
4 23 341
4 24 139
4 26 286
4 27 267
4 28 79
4 29 1
4 31 145
4 32 120
4 33 329
4 34 246
4 36 42
4 38 144
4 39 331
4 40 488
4 41 106
4 42 19
4 43 321
4 44 60
4 45 126
4 46 38
4 47 143
4 48 157
4 49 62
4 52 310
4 53 67
4 54 260
4 55 383
4 56 219
4 58 27
4 59 370
4 60 149
4 62 64
4 63 295
4 64 55
4 65 273
4 67 500
4 68 426
4 69 471
4 70 320
4 74 70
4 75 101
4 76 384
4 77 150
4 78 344
4 79 494
4 81 397
4 82 333
4 83 491
4 84 430
4 86 138
4 87 411
4 88 487
4 89 152
4 90 435
4 91 22
4 92 475
4 93 354
4 94 6
4 95 143
4 96 27
4 97 146
4 98 79
4 99 82
4 100 299
5 1 417
5 2 463
5 4 264
5 6 238
5 7 38
5 8 417
5 10 414
5 11 99
5 12 7
5 14 266
5 15 497
5 16 418
5 17 407
5 18 184
5 19 205
5 20 453
5 21 443
5 22 358
5 23 434
5 25 335
5 26 65
5 27 488
5 28 228
5 29 323
5 30 402
5 31 12
5 32 430
5 33 453
5 34 94
5 35 114
5 36 167
5 37 359
5 38 60
5 39 336
5 40 144
5 41 184
5 42 193
5 43 327
5 44 97
5 46 55
5 47 328
5 48 157
5 49 356
5 50 56
5 51 206
5 52 314
5 53 400
5 54 13
5 55 284
5 56 77
5 57 382
5 58 452
5 59 71
5 60 181
5 62 311
5 63 14
5 64 427
5 65 420
5 66 38
5 69 74
5 70 197
5 71 283
5 72 72
5 73 28
5 74 266
5 75 124
5 76 104
5 77 50
5 78 318
5 79 11
5 80 171
5 81 66
5 82 222
5 83 67
5 84 435
5 85 143
5 86 465
5 87 475
5 89 370
5 90 51
5 91 143
5 92 442
5 94 329
5 95 418
5 96 328
5 97 291
5 98 184
5 99 120
5 100 236
6 1 46
6 2 245
6 3 440
6 4 51
6 5 238
6 7 270
6 8 423
6 9 80
6 11 111
6 12 446
6 13 415
6 14 93
6 15 42
6 16 329
6 17 256
6 18 461
6 19 250
6 20 169
6 21 211
6 22 441
6 23 10
6 24 404
6 25 260
6 26 248
6 27 257
6 28 254
6 29 322
6 30 158
6 31 359
6 32 229
6 33 136
6 34 223
6 35 230
6 36 207
6 37 96
6 38 149
6 40 333
6 41 78
6 43 140
6 45 93
6 46 297
6 47 292
6 48 247
6 49 474
6 50 254
6 51 217
6 52 337
6 54 245
6 56 213
6 57 168
6 59 468
6 60 347
6 62 456
6 63 302
6 64 386
6 65 489
6 66 23
6 67 185
6 68 63
6 69 452
6 70 58
6 72 350
6 73 135
6 74 197
6 76 458
6 77 500
6 78 211
6 79 35
6 81 221
6 82 336
6 84 461
6 85 116
6 86 149
6 87 364
6 88 4
6 89 151
6 91 155
6 94 275
6 95 90
6 99 476
6 100 87
7 2 78
7 5 38
7 6 270
7 8 209
7 9 375
7 11 292
7 12 399
7 13 140
7 15 471
7 16 137
7 18 480
7 19 326
7 20 359
7 23 316
7 25 434
7 26 249
7 27 337
7 30 256
7 32 424
7 33 284
7 34 494
7 35 62
7 36 212
7 37 16
7 40 63
7 41 407
7 42 121
7 43 233
7 45 382
7 46 362
7 47 470
7 48 22
7 49 329
7 50 259
7 51 80
7 52 59
7 54 165
7 55 305
7 56 95
7 57 349
7 59 105
7 60 195
7 61 57
7 63 489
7 64 254
7 65 346
7 66 327
7 68 315
7 69 421
7 70 392
7 71 222
7 72 393
7 74 301
7 75 290
7 76 425
7 77 58
7 78 220
7 79 436
7 81 380
7 82 97
7 85 56
7 86 292
7 87 69
7 89 188
7 90 234
7 91 88
7 92 50
7 93 277
7 94 143
7 96 344
7 97 472
7 98 269
7 100 458
8 1 471
8 3 378
8 4 375
8 5 417
8 6 423
8 7 209
8 9 293
8 10 478
8 13 466
8 14 57
8 15 271
8 17 495
8 18 275
8 20 170
8 22 294
8 23 243
8 26 378
8 27 2
8 28 76
8 29 269
8 30 73
8 31 453
8 32 257
8 33 196
8 34 109
8 35 314
8 36 348
8 37 67
8 38 255
8 39 464
8 40 233
8 41 2
8 42 52
8 43 279
8 45 282
8 46 76
8 47 470
8 48 419
8 49 151
8 50 396
8 51 161
8 52 492
8 53 226
8 54 146
8 56 308
8 57 354
8 58 244
8 59 153
8 60 271
8 62 440
8 63 88
8 65 469
8 67 314
8 68 2
8 69 401
8 70 125
8 71 488
8 73 481
8 74 393
8 75 114
8 77 178
8 78 99
8 79 70
8 80 348
8 81 385
8 83 449
8 84 271
8 85 411
8 87 338
8 88 47
8 89 223
8 90 209
8 92 170
8 94 108
8 95 180
8 96 228
8 97 272
8 98 80
8 100 108
9 1 358
9 3 22
9 4 366
9 6 80
9 7 375
9 8 293
9 11 266
9 14 74
9 15 212
9 16 181
9 17 38
9 21 156
9 22 186
9 24 337
9 26 373
9 27 421
9 28 270
9 29 449
9 30 89
9 31 472
9 32 472
9 34 61
9 35 461
9 36 242
9 37 478
9 39 311
9 40 257
9 41 204
9 42 58
9 44 405
9 46 131
9 47 74
9 48 253
9 49 298
9 50 278
9 51 342
9 52 235
9 54 260
9 55 43
9 56 348
9 58 9
9 59 500
9 60 244
9 61 266
9 62 57
9 63 144
9 64 295
9 65 83
9 68 422
9 69 210
9 70 283
9 71 108
9 72 259
9 73 456
9 74 28
9 75 281
9 76 352
9 77 249
9 78 404
9 79 367
9 81 161
9 83 294
9 84 128
9 85 230
9 86 309
9 87 254
9 88 247
9 90 419
9 91 117
9 92 100
9 93 473
9 94 353
9 95 326
9 97 316
9 98 276
9 99 121
9 100 313
10 1 494
10 2 123
10 3 480
10 4 403
10 5 414
10 8 478
10 12 164
10 13 60
10 14 169
10 18 326
10 19 309
10 20 341
10 21 6
10 22 28
10 23 169
10 24 42
10 25 475
10 26 92
10 27 464
10 28 302
10 29 403
10 31 484
10 33 138
10 34 323
10 35 154
10 36 97
10 38 252
10 39 85
10 40 161
10 41 39
10 42 390
10 43 155
10 44 269
10 45 457
10 46 185
10 47 125
10 50 345
10 51 426
10 52 9
10 53 94
10 54 45
10 57 143
10 59 211
10 60 374
10 61 2
10 62 421
10 63 206
10 64 217
10 66 270
10 67 344
10 68 1
10 69 168
10 70 155
10 71 128
10 72 235
10 73 414
10 74 398
10 76 483
10 79 48
10 81 331
10 82 152
10 83 379
10 84 336
10 85 436
10 86 171
10 89 149
10 90 249
10 92 156
10 93 146
10 94 131
10 95 491
10 96 9
10 97 49
10 98 154
10 99 205
10 100 14
11 1 314
11 2 262
11 4 373
11 5 99
11 6 111
11 7 292
11 9 266
11 12 227
11 13 30
11 16 338
11 17 153
11 18 133
11 19 496
11 20 340
11 22 308
11 23 14
11 24 480
11 25 370
11 26 239
11 27 224
11 28 459
11 30 237
11 31 135
11 32 73
11 33 187
11 34 315
11 35 433
11 36 196
11 38 416
11 39 332
11 41 498
11 42 29
11 43 142
11 44 190
11 46 279
11 47 230
11 48 320
11 50 221
11 51 18
11 53 289
11 54 335
11 55 233
11 57 185
11 58 367
11 59 191
11 60 211
11 63 337
11 64 303
11 65 299
11 66 279
11 67 293
11 68 322
11 69 181
11 70 372
11 71 243
11 73 354
11 74 459
11 75 492
11 76 143
11 78 325
11 79 443
11 82 307
11 83 472
11 85 456
11 86 418
11 87 14
11 89 258
11 91 396
11 92 110
11 93 40
11 94 228
11 95 288
11 96 184
11 97 271
11 98 264
11 99 499
11 100 246
12 2 486
12 3 36
12 4 43
12 5 7
12 6 446
12 7 399
12 10 164
12 11 227
12 14 174
12 15 249
12 16 315
12 17 422
12 18 180
12 19 489
12 21 432
12 23 71
12 24 206
12 26 44
12 27 440
12 28 242
12 29 98
12 30 34
12 32 136
12 35 273
12 36 291
12 37 98
12 39 475
12 40 225
12 41 66
12 42 483
12 43 462
12 44 334
12 45 341
12 46 199
12 47 131
12 50 163
12 52 293
12 54 278
12 56 492
12 58 470
12 59 440
12 60 100
12 62 167
12 63 459
12 64 191
12 65 183
12 66 303
12 68 144
12 69 271
12 70 178
12 71 275
12 72 198
12 73 101
12 74 73
12 75 407
12 76 400
12 77 103
12 79 106
12 80 493
12 82 299
12 83 81
12 84 441
12 85 172
12 86 407
12 87 385
12 88 112
12 89 272
12 90 146
12 91 500
12 93 63
12 94 69
12 95 206
12 98 118
12 99 152
12 100 257
13 1 36
13 2 474
13 3 233
13 4 204
13 6 415
13 7 140
13 8 466
13 10 60
13 11 30
13 14 309
13 15 408
13 16 343
13 17 4
13 18 438
13 21 217
13 22 306
13 23 188
13 24 396
13 26 76
13 27 241
13 28 352
13 29 29
13 30 226
13 31 84
13 33 365
13 34 473
13 35 404
13 36 96
13 37 33
13 38 345
13 41 409
13 42 454
13 43 473
13 44 129
13 45 276
13 46 337
13 47 276
13 48 401
13 50 276
13 52 426
13 54 319
13 56 58
13 57 116
13 58 275
13 59 374
13 60 239
13 63 495
13 65 208
13 66 232
13 67 415
13 68 37
13 69 227
13 70 189
13 71 50
13 72 316
13 73 215
13 74 277
13 75 421
13 77 497
13 78 106
13 79 443
13 80 441
13 82 184
13 83 442
13 84 265
13 85 240
13 86 428
13 87 207
13 88 38
13 89 259
13 90 274
13 92 94
13 95 156
13 96 421
13 97 58
13 98 412
13 99 179
13 100 202
14 1 425
14 2 40
14 3 296
14 4 147
14 5 266
14 6 93
14 8 57
14 9 74
14 10 169
14 12 174
14 13 309
14 15 62
14 16 118
14 17 352
14 18 330
14 20 141
14 21 333
14 22 133
14 23 28
14 25 478
14 26 85
14 27 228
14 29 374
14 30 235
14 31 491
14 32 453
14 33 386
14 35 237
14 36 409
14 37 490
14 38 62
14 39 44
14 40 385
14 42 153
14 43 228
14 44 498
14 46 446
14 48 467
14 51 274
14 52 61
14 53 283
14 54 468
14 56 144
14 58 464
14 59 344
14 61 33
14 62 92
14 64 256
14 65 346
14 66 225
14 67 13
14 68 291
14 69 158
14 70 366
14 71 294
14 72 467
14 74 338
14 75 366
14 77 402
14 78 273
14 80 433
14 81 303
14 82 378
14 83 209
14 84 451
14 85 499
14 86 129
14 87 425
14 88 419
14 89 108
14 90 80
14 91 464
14 92 100
14 93 457
14 94 60
14 96 384
14 97 357
14 98 480
14 99 262
14 100 439
15 1 326
15 2 305
15 4 288
15 5 497
15 6 42
15 7 471
15 8 271
15 9 212
15 12 249
15 13 408
15 14 62
15 16 237
15 17 471
15 19 365
15 20 170
15 21 418
15 22 261
15 23 320
15 24 102
15 25 478
15 26 422
15 27 24
15 28 34
15 30 412
15 31 397
15 33 101
15 34 367
15 35 188
15 36 142
15 37 304
15 38 194
15 39 408
15 40 366
15 42 297
15 43 293
15 44 352
15 46 273
15 47 200
15 48 252
15 49 485
15 50 190
15 51 83
15 52 7
15 53 244
15 54 407
15 56 460
15 57 358
15 58 337
15 59 334
15 60 90
15 61 10
15 62 57
15 64 213
15 65 488
15 66 454
15 67 199
15 68 435
15 69 375
15 70 378
15 71 407
15 72 279
15 73 464
15 74 277
15 76 418
15 77 299
15 79 267
15 80 475
15 81 237
15 82 250
15 83 435
15 84 244
15 85 115
15 86 183
15 87 166
15 88 298
15 89 288
15 90 81
15 91 477
15 92 40
15 93 6
15 95 74
15 96 317
15 98 71
15 99 22
16 1 311
16 2 500
16 3 167
16 4 350
16 5 418
16 6 329
16 7 137
16 9 181
16 11 338
16 12 315
16 13 343
16 14 118
16 15 237
16 19 56
16 20 379
16 21 30
16 22 417
16 23 196
16 24 488
16 25 58
16 30 308
16 33 250
16 34 250
16 35 329
16 36 6
16 37 407
16 38 18
16 39 481
16 40 2
16 43 321
16 46 378
16 47 452
16 48 115
16 49 86
16 51 475
16 52 130
16 53 299
16 54 247
16 55 139
16 56 9
16 57 64
16 58 25
16 59 108
16 60 346
16 61 441
16 62 8
16 63 230
16 64 397
16 65 437
16 66 291
16 67 388
16 68 213
16 69 168
16 71 5
16 73 117
16 74 434
16 76 490
16 78 164
16 79 339
16 81 182
16 82 127
16 83 37
16 84 175
16 87 465
16 89 190
16 90 421
16 91 55
16 92 234
16 93 81
16 94 202
16 95 212
16 96 74
16 98 305
16 99 269
16 100 175
17 1 128
17 2 45
17 3 447
17 5 407
17 6 256
17 8 495
17 9 38
17 11 153
17 12 422
17 13 4
17 14 352
17 15 471
17 18 61
17 20 233
17 22 476
17 23 10
17 24 468
17 25 314
17 26 479
17 27 443
17 29 92
17 31 18
17 32 216
17 34 89
17 36 182
17 37 420
17 38 309
17 39 498
17 40 129
17 42 412
17 43 128
17 44 122
17 48 105
17 49 161
17 50 168
17 51 292
17 52 488
17 53 416
17 54 278
17 55 57
17 56 154
17 57 461
17 59 195
17 60 180
17 61 57
17 62 210
17 65 482
17 66 24
17 68 370
17 69 67
17 70 127
17 71 385
17 72 344
17 73 346
17 74 448
17 75 389
17 76 169
17 77 286
17 78 360
17 80 294
17 81 285
17 82 132
17 83 458
17 84 374
17 85 420
17 86 127
17 87 477
17 88 172
17 89 179
17 90 110
17 91 399
17 94 103
17 96 63
17 97 356
17 98 176
17 99 196
17 100 106
18 1 82
18 2 246
18 3 399
18 4 146
18 5 184
18 6 461
18 7 480
18 8 275
18 10 326
18 11 133
18 12 180
18 13 438
18 14 330
18 17 61
18 19 205
18 20 347
18 22 211
18 23 56
18 24 204
18 25 87
18 27 33
18 28 310
18 30 287
18 33 443
18 34 448
18 35 72
18 36 304
18 37 294
18 38 478
18 39 332
18 40 378
18 43 47
18 44 495
18 46 328
18 47 277
18 48 77
18 49 77
18 50 429
18 51 474
18 52 462
18 53 231
18 54 4
18 55 82
18 56 19
18 57 56
18 58 24
18 59 333
18 60 218
18 61 169
18 62 407
18 63 382
18 64 481
18 65 247
18 66 28
18 67 416
18 68 109
18 69 489
18 70 315
18 72 152
18 73 17
18 74 154
18 75 344
18 76 406
18 78 469
18 79 304
18 80 317
18 82 206
18 83 271
18 84 304
18 85 122
18 86 85
18 87 9
18 89 287
18 90 480
18 92 385
18 94 140
18 96 171
18 97 356
18 98 292
18 99 17
18 100 484
19 1 171
19 3 148
19 4 251
19 5 205
19 6 250
19 7 326
19 10 309
19 11 496
19 12 489
19 15 365
19 16 56
19 18 205
19 20 318
19 21 195
19 22 210
19 27 183
19 28 143
19 29 369
19 30 80
19 31 411
19 33 207
19 34 328
19 36 347
19 37 196
19 38 493
19 39 57
19 40 318
19 41 159
19 45 277
19 46 289
19 48 365
19 51 118
19 52 20
19 53 348
19 54 317
19 55 22
19 56 440
19 58 226
19 61 333
19 63 415
19 64 440
19 65 353
19 66 96
19 67 16
19 69 40
19 70 263
19 71 306
19 73 221
19 74 312
19 75 180
19 76 475
19 78 476
19 79 484
19 80 418
19 82 122
19 83 357
19 84 387
19 85 363
19 86 339
19 89 100
19 90 72
19 92 431
19 93 466
19 95 450
19 96 375
19 97 38
19 98 159
19 99 339
19 100 284
20 1 235
20 3 386
20 4 55
20 5 453
20 6 169
20 7 359
20 8 170
20 10 341
20 11 340
20 14 141
20 15 170
20 16 379
20 17 233
20 18 347
20 19 318
20 21 127
20 22 248
20 23 157
20 24 473
20 27 423
20 28 109
20 29 256
20 30 329
20 31 210
20 32 356
20 33 100
20 34 55
20 38 367
20 39 89
20 40 179
20 41 368
20 42 329
20 43 34
20 46 383
20 47 15
20 48 437
20 49 198
20 50 126
20 51 485
20 52 160
20 54 494
20 56 141
20 58 12
20 59 431
20 60 205
20 61 193
20 63 120
20 64 439
20 66 143
20 67 393
20 68 49
20 69 444
20 71 443
20 72 469
20 73 327
20 74 265
20 75 401
20 76 426
20 77 123
20 78 133
20 80 75
20 81 174
20 82 493
20 83 103
20 84 63
20 86 318
20 87 149
20 89 315
20 91 370
20 92 81
20 93 162
20 97 192
20 98 98
20 99 372
20 100 157
21 1 195
21 2 348
21 3 307
21 4 359
21 5 443
21 6 211
21 9 156
21 10 6
21 12 432
21 13 217
21 14 333
21 15 418
21 16 30
21 19 195
21 20 127
21 22 245
21 23 102
21 24 496
21 25 388
21 27 356
21 28 399
21 30 287
21 31 444
21 32 41
21 33 193
21 34 481
21 35 168
21 36 471
21 39 373
21 40 143
21 41 358
21 42 292
21 43 452
21 44 433
21 46 97
21 47 49
21 48 371
21 49 500
21 50 406
21 51 258
21 52 493
21 53 356
21 55 184
21 57 270
21 58 278
21 59 63
21 60 500
21 62 374
21 64 99
21 65 169
21 67 325
21 68 407
21 69 341
21 70 66
21 71 380
21 72 136
21 73 376
21 74 42
21 75 178
21 76 205
21 77 292
21 78 23
21 79 71
21 80 184
21 81 443
21 82 48
21 83 480
21 84 19
21 85 144
21 86 3
21 87 389
21 89 411
21 90 49
21 92 361
21 93 437
21 94 414
21 95 94
21 97 285
21 98 493
22 1 476
22 2 239
22 3 98
22 4 43
22 5 358
22 6 441
22 8 294
22 9 186
22 10 28
22 11 308
22 13 306
22 14 133
22 15 261
22 16 417
22 17 476
22 18 211
22 19 210
22 20 248
22 21 245
22 23 53
22 24 81
22 25 500
22 27 206
22 28 14
22 29 43
22 30 24
22 31 437
22 32 440
22 33 182
22 36 18
22 37 427
22 38 481
22 39 412
22 40 274
22 41 236
22 43 170
22 44 316
22 45 87
22 47 391
22 48 476
22 49 279
22 50 444
22 51 496
22 52 225
22 53 318
22 54 197
22 56 219
22 57 336
22 58 248
22 59 154
22 60 200
22 62 483
22 63 439
22 64 174
22 65 233
22 66 23
22 67 5
22 68 404
22 70 92
22 72 408
22 73 106
22 74 347
22 75 478
22 76 310
22 77 338
22 78 48
22 79 290
22 80 38
22 81 13
22 82 263
22 83 437
22 84 335
22 85 246
22 86 138
22 87 160
22 88 61
22 89 274
22 90 324
22 91 165
22 92 463
22 93 425
22 94 105
22 95 368
22 96 325
22 97 272
22 98 41
22 100 147
23 1 294
23 2 451
23 3 106
23 4 341
23 5 434
23 6 10
23 7 316
23 8 243
23 10 169
23 11 14
23 12 71
23 13 188
23 14 28
23 15 320
23 16 196
23 17 10
23 18 56
23 20 157
23 21 102
23 22 53
23 24 35
23 25 379
23 26 260
23 27 138
23 28 239
23 29 140
23 30 121
23 31 77
23 32 183
23 33 469
23 34 183
23 35 485
23 36 170
23 38 299
23 39 126
23 41 227
23 42 433
23 44 125
23 45 202
23 47 104
23 48 94
23 50 1
23 51 260
23 52 133
23 53 193
23 54 443
23 55 114
23 56 240
23 57 258
23 58 367
23 59 269
23 61 337
23 62 310
23 64 373
23 65 245
23 66 454
23 68 73
23 69 27
23 70 255
23 72 454
23 73 59
23 74 268
23 75 167
23 77 493
23 78 404
23 79 65
23 80 121
23 81 1
23 83 164
23 84 363
23 87 439
23 89 35
23 90 439
23 91 187
23 92 282
23 93 162
23 94 321
23 95 200
23 96 179
23 98 243
23 99 35
24 1 117
24 2 452
24 3 26
24 4 139
24 6 404
24 9 337
24 10 42
24 11 480
24 12 206
24 13 396
24 15 102
24 16 488
24 17 468
24 18 204
24 20 473
24 21 496
24 22 81
24 23 35
24 25 283
24 26 247
24 27 398
24 28 426
24 29 305
24 30 485
24 31 248
24 33 276
24 35 363
24 36 194
24 37 470
24 38 213
24 39 223
24 40 135
24 41 40
24 42 166
24 43 210
24 44 488
24 45 461
24 46 398
24 47 401
24 48 299
24 50 84
24 51 38
24 52 484
24 54 201
24 55 288
24 56 85
24 57 316
24 58 299
24 59 33
24 60 411
24 62 441
24 63 10
24 64 55
24 65 130
24 66 468
24 67 219
24 68 445
24 69 21
24 71 196
24 72 148
24 74 264
24 75 312
24 77 492
24 78 337
24 79 66
24 80 453
24 81 420
24 82 279
24 83 404
24 84 269
24 85 412
24 86 88
24 87 465
24 88 217
24 89 412
24 90 196
24 92 134
24 93 21
24 95 500
24 97 445
24 98 113
24 99 146
25 1 231
25 2 247
25 5 335
25 6 260
25 7 434
25 10 475
25 11 370
25 14 478
25 15 478
25 16 58
25 17 314
25 18 87
25 21 388
25 22 500
25 23 379
25 24 283
25 26 500
25 27 413
25 29 248
25 30 298
25 31 241
25 33 272
25 34 272
25 35 403
25 36 203
25 37 396
25 38 123
25 39 469
25 40 124
25 41 459
25 42 400
25 43 120
25 44 63
25 45 452
25 46 128
25 48 229
25 49 68
25 50 317
25 51 44
25 52 380
25 53 270
25 54 168
25 56 85
25 57 43
25 58 388
25 59 257
25 60 295
25 63 126
25 64 273
25 66 361
25 69 118
25 70 95
25 72 60
25 73 494
25 74 245
25 75 122
25 78 247
25 79 116
25 80 295
25 81 419
25 82 11
25 83 125
25 84 239
25 85 253
25 86 205
25 89 339
25 90 483
25 92 470
25 94 135
25 95 200
25 96 21
25 97 188
25 100 290
26 1 410
26 2 418
26 3 324
26 4 286
26 5 65
26 6 248
26 7 249
26 8 378
26 9 373
26 10 92
26 11 239
26 12 44
26 13 76
26 14 85
26 15 422
26 17 479
26 23 260
26 24 247
26 25 500
26 28 497
26 29 465
26 30 110
26 31 353
26 33 447
26 34 1
26 35 479
26 37 64
26 39 105
26 40 264
26 42 208
26 43 204
26 44 125
26 45 208
26 46 139
26 49 203
26 50 257
26 52 457
26 53 293
26 54 229
26 55 57
26 56 274
26 57 33
26 58 393
26 60 55
26 61 218
26 62 79
26 64 55
26 65 202
26 66 404
26 67 434
26 68 467
26 70 405
26 71 488
26 72 271
26 74 260
26 75 246
26 76 98
26 79 234
26 80 310
26 81 15
26 82 309
26 84 420
26 85 406
26 86 489
26 87 138
26 88 425
26 89 427
26 90 217
26 93 210
26 94 316
26 95 485
26 96 5
26 98 410
26 99 499
27 1 78
27 2 13
27 3 442
27 4 267
27 5 488
27 6 257
27 7 337
27 8 2
27 9 421
27 10 464
27 11 224
27 12 440
27 13 241
27 14 228
27 15 24
27 17 443
27 18 33
27 19 183
27 20 423
27 21 356
27 22 206
27 23 138
27 24 398
27 25 413
27 28 146
27 29 148
27 31 386
27 32 472
27 33 486
27 34 296
27 35 370
27 37 279
27 38 102
27 39 295
27 40 444
27 41 345
27 42 48
27 43 332
27 44 337
27 45 272
27 46 124
27 47 134
27 48 15
27 51 43
27 52 223
27 53 467
27 55 143
27 56 141
27 58 182
27 59 243
27 60 37
27 61 101
27 62 246
27 63 76
27 65 62
27 66 25
27 67 291
27 68 163
27 70 298
27 71 62
27 72 252
27 73 144
27 75 82
27 76 404
27 77 472
27 79 229
27 80 303
27 81 165
27 82 438
27 83 180
27 84 113
27 85 113
27 86 381
27 87 337
27 88 305
27 89 216
27 90 389
27 92 101
27 93 51
27 94 459
27 95 449
27 97 378
27 98 382
27 99 284
27 100 55
28 1 198
28 2 479
28 3 430
28 4 79
28 5 228
28 6 254
28 8 76
28 9 270
28 10 302
28 11 459
28 12 242
28 13 352
28 15 34
28 18 310
28 19 143
28 20 109
28 21 399
28 22 14
28 23 239
28 24 426
28 26 497
28 27 146
28 29 291
28 30 446
28 31 315
28 32 497
28 33 405
28 34 185
28 35 307
28 36 42
28 37 463
28 38 274
28 40 216
28 41 241
28 42 116
28 43 18
28 44 102
28 45 416
28 46 317
28 47 29
28 50 315
28 51 216
28 53 406
28 55 13
28 56 273
28 57 315
28 58 71
28 59 489
28 60 275
28 62 127
28 63 5
28 64 177
28 65 192
28 66 291
28 67 19
28 70 353
28 71 248
28 72 190
28 73 292
28 74 222
28 75 399
28 76 275
28 78 242
28 80 273
28 81 244
28 82 49
28 83 311
28 84 436
28 85 205
28 86 477
28 87 4
28 89 300
28 90 354
28 91 307
28 92 468
28 93 443
28 94 26
28 95 9
28 97 173
28 98 199
28 100 341
29 1 18
29 2 429
29 3 33
29 4 1
29 5 323
29 6 322
29 8 269
29 9 449
29 10 403
29 12 98
29 13 29
29 14 374
29 17 92
29 19 369
29 20 256
29 22 43
29 23 140
29 24 305
29 25 248
29 26 465
29 27 148
29 28 291
29 30 161
29 31 46
29 32 452
29 33 88
29 34 288
29 35 245
29 36 138
29 37 400
29 40 409
29 41 89
29 42 196
29 43 183
29 44 496
29 45 265
29 46 375
29 47 50
29 48 55
29 49 87
29 50 137
29 51 65
29 52 113
29 53 263
29 54 386
29 56 425
29 57 222
29 59 148
29 60 317
29 61 143
29 64 193
29 65 277
29 66 250
29 67 464
29 68 179
29 69 469
29 70 231
29 71 295
29 72 203
29 73 383
29 74 216
29 75 13
29 76 264
29 77 4
29 78 406
29 79 262
29 80 201
29 81 230
29 82 413
29 83 335
29 85 480
29 86 131
29 87 471
29 88 68
29 89 14
29 90 392
29 91 90
29 93 332
29 95 7
29 96 346
29 98 347
29 99 269
29 100 10
30 1 439
30 2 492
30 3 372
30 5 402
30 6 158
30 7 256
30 8 73
30 9 89
30 11 237
30 12 34
30 13 226
30 14 235
30 15 412
30 16 308
30 18 287
30 19 80
30 20 329
30 21 287
30 22 24
30 23 121
30 24 485
30 25 298
30 26 110
30 28 446
30 29 161
30 31 14
30 32 499
30 33 254
30 34 282
30 36 162
30 37 187
30 40 320
30 41 357
30 42 5
30 43 313
30 44 225
30 45 100
30 46 372
30 47 184
30 48 259
30 49 226
30 50 101
30 51 217
30 52 272
30 53 53
30 54 175
30 55 132
30 56 310
30 57 94
30 58 35
30 59 404
30 60 202
30 61 240
30 63 174
30 64 124
30 65 85
30 66 227
30 67 459
30 68 440
30 69 253
30 70 189
30 71 31
30 73 363
30 74 425
30 75 461
30 76 214
30 77 85
30 78 86
30 79 271
30 80 266
30 82 11
30 83 382
30 84 290
30 86 482
30 87 200
30 88 411
30 89 71
30 90 100
30 91 252
30 92 392
30 93 256
30 94 236
30 95 438
30 96 495
30 98 164
30 99 295
30 100 251
31 1 60
31 2 51
31 3 342
31 4 145
31 5 12
31 6 359
31 8 453
31 9 472
31 10 484
31 11 135
31 13 84
31 14 491
31 15 397
31 17 18
31 19 411
31 20 210
31 21 444
31 22 437
31 23 77
31 24 248
31 25 241
31 26 353
31 27 386
31 28 315
31 29 46
31 30 14
31 32 64
31 34 179
31 36 106
31 38 400
31 39 341
31 41 209
31 42 51
31 43 373
31 45 346
31 46 201
31 47 172
31 48 327
31 51 480
31 53 397
31 54 426
31 55 345
31 56 370
31 57 111
31 58 498
31 59 273
31 60 221
31 61 9
31 62 217
31 64 62
31 65 274
31 66 460
31 67 45
31 68 196
31 69 151
31 70 23
31 71 187
31 74 203
31 75 198
31 76 413
31 78 421
31 79 441
31 81 342
31 82 29
31 84 329
31 86 477
31 87 40
31 88 451
31 89 7
31 91 7
31 92 263
31 93 350
31 94 362
31 95 458
31 96 326
31 98 240
31 99 390
31 100 450
32 1 253
32 2 14
32 3 379
32 4 120
32 5 430
32 6 229
32 7 424
32 8 257
32 9 472
32 11 73
32 12 136
32 14 453
32 17 216
32 20 356
32 21 41
32 22 440
32 23 183
32 27 472
32 28 497
32 29 452
32 30 499
32 31 64
32 34 93
32 35 243
32 36 334
32 37 470
32 38 268
32 39 454
32 40 414
32 41 160
32 44 381
32 45 2
32 46 294
32 47 228
32 49 164
32 51 342
32 52 491
32 53 439
32 54 129
32 55 147
32 56 240
32 57 429
32 58 376
32 59 93
32 60 251
32 61 412
32 62 466
32 63 293
32 64 479
32 65 86
32 66 264
32 67 340
32 68 207
32 70 257
32 71 246
32 72 493
32 73 466
32 75 231
32 76 226
32 77 456
32 78 109
32 80 112
32 84 287
32 85 58
32 86 267
32 87 362
32 88 12
32 89 161
32 91 274
32 92 209
32 93 459
32 95 293
32 97 416
32 98 196
32 99 247
32 100 122
33 1 399
33 2 35
33 3 335
33 4 329
33 5 453
33 6 136
33 7 284
33 8 196
33 10 138
33 11 187
33 13 365
33 14 386
33 15 101
33 16 250
33 18 443
33 19 207
33 20 100
33 21 193
33 22 182
33 23 469
33 24 276
33 25 272
33 26 447
33 27 486
33 28 405
33 29 88
33 30 254
33 34 30
33 35 313
33 37 440
33 38 190
33 39 172
33 40 53
33 43 60
33 44 301
33 45 165
33 49 491
33 50 447
33 52 143
33 53 132
33 54 169
33 56 118
33 57 293
33 60 181
33 61 298
33 63 80
33 64 452
33 66 465
33 67 79
33 69 284
33 71 439
33 72 203
33 73 199
33 74 476
33 76 136
33 77 397
33 79 437
33 80 422
33 81 349
33 82 84
33 83 130
33 86 390
33 87 2
33 89 194
33 90 4
33 91 341
33 92 402
33 94 302
33 95 67
33 96 323
33 97 370
33 98 156
33 99 359
33 100 428
34 1 3
34 2 369
34 3 113
34 4 246
34 5 94
34 6 223
34 7 494
34 8 109
34 9 61
34 10 323
34 11 315
34 13 473
34 15 367
34 16 250
34 17 89
34 18 448
34 19 328
34 20 55
34 21 481
34 23 183
34 25 272
34 26 1
34 27 296
34 28 185
34 29 288
34 30 282
34 31 179
34 32 93
34 33 30
34 35 171
34 36 405
34 37 369
34 38 422
34 39 401
34 40 127
34 44 224
34 45 12
34 46 383
34 47 173
34 48 254
34 49 342
34 50 350
34 51 92
34 52 202
34 53 172
34 55 355
34 56 112
34 57 267
34 58 170
34 59 255
34 60 66
34 62 299
34 65 58
34 66 16
34 67 446
34 69 297
34 70 377
34 71 372
34 73 401
34 76 32
34 77 303
34 79 380
34 80 485
34 82 167
34 83 189
34 84 93
34 85 106
34 86 459
34 87 438
34 88 317
34 89 343
34 90 120
34 93 39
34 95 385
34 97 379
34 98 393
34 99 81
34 100 392
35 1 60
35 2 274
35 5 114
35 6 230
35 7 62
35 8 314
35 9 461
35 10 154
35 11 433
35 12 273
35 13 404
35 14 237
35 15 188
35 16 329
35 18 72
35 21 168
35 23 485
35 24 363
35 25 403
35 26 479
35 27 370
35 28 307
35 29 245
35 32 243
35 33 313
35 34 171
35 36 253
35 37 332
35 38 97
35 39 294
35 40 94
35 41 488
35 42 374
35 43 215
35 44 359
35 45 188
35 46 462
35 47 303
35 48 445
35 49 201
35 50 425
35 51 402
35 52 337
35 53 268
35 54 428
35 55 368
35 58 279
35 59 498
35 60 222
35 62 146
35 63 141
35 64 311
35 65 185
35 66 243
35 67 429
35 69 417
35 70 138
35 71 330
35 72 302
35 73 367
35 75 159
35 78 28
35 80 323
35 81 461
35 84 238
35 85 390
35 87 386
35 88 420
35 89 97
35 92 135
35 93 38
35 94 176
35 95 124
35 96 421
35 99 269
35 100 183
36 1 171
36 2 451
36 3 233
36 4 42
36 5 167
36 6 207
36 7 212
36 8 348
36 9 242
36 10 97
36 11 196
36 12 291
36 13 96
36 14 409
36 15 142
36 16 6
36 17 182
36 18 304
36 19 347
36 21 471
36 22 18
36 23 170
36 24 194
36 25 203
36 28 42
36 29 138
36 30 162
36 31 106
36 32 334
36 34 405
36 35 253
36 37 494
36 38 126
36 39 279
36 40 399
36 41 131
36 42 282
36 43 20
36 44 277
36 45 374
36 46 99
36 47 246
36 48 267
36 50 334
36 51 286
36 52 4
36 53 189
36 54 120
36 55 193
36 56 455
36 57 17
36 58 412
36 59 430
36 61 52
36 62 409
36 63 385
36 65 205
36 66 319
36 67 487
36 68 225
36 69 150
36 70 212
36 71 54
36 72 457
36 73 427
36 74 228
36 75 17
36 76 88
36 78 443
36 79 344
36 81 318
36 82 99
36 84 166
36 85 117
36 88 414
36 89 130
36 91 240
36 92 253
36 93 424
36 94 34
36 97 500
36 99 94
36 100 160
37 2 74
37 5 359
37 6 96
37 7 16
37 8 67
37 9 478
37 12 98
37 13 33
37 14 490
37 15 304
37 16 407
37 17 420
37 18 294
37 19 196
37 22 427
37 24 470
37 25 396
37 26 64
37 27 279
37 28 463
37 29 400
37 30 187
37 32 470
37 33 440
37 34 369
37 35 332
37 36 494
37 38 387
37 40 191
37 41 382
37 43 72
37 44 478
37 45 188
37 46 114
37 47 457
37 48 359
37 49 363
37 50 203
37 51 424
37 52 251
37 53 228
37 54 265
37 55 226
37 56 499
37 58 217
37 59 42
37 61 39
37 62 172
37 63 332
37 64 448
37 65 418
37 66 14
37 67 373
37 68 271
37 69 128
37 70 294
37 71 335
37 74 422
37 75 13
37 77 149
37 79 265
37 80 371
37 81 277
37 82 342
37 84 363
37 85 499
37 86 366
37 87 256
37 88 478
37 89 257
37 91 6
37 92 10
37 93 291
37 94 277
37 95 416
37 96 93
37 97 29
37 99 459
37 100 81
38 1 64
38 3 476
38 4 144
38 5 60
38 6 149
38 8 255
38 10 252
38 11 416
38 13 345
38 14 62
38 15 194
38 16 18
38 17 309
38 18 478
38 19 493
38 20 367
38 22 481
38 23 299
38 24 213
38 25 123
38 27 102
38 28 274
38 31 400
38 32 268
38 33 190
38 34 422
38 35 97
38 36 126
38 37 387
38 39 488
38 40 150
38 42 82
38 43 155
38 45 333
38 46 343
38 47 10
38 48 156
38 51 342
38 52 449
38 53 486
38 56 247
38 57 181
38 58 220
38 59 200
38 60 464
38 62 57
38 64 67
38 65 312
38 66 116
38 67 4
38 68 52
38 69 22
38 70 435
38 71 270
38 72 62
38 73 185
38 76 213
38 77 232
38 79 474
38 80 446
38 81 83
38 82 19
38 83 421
38 85 235
38 86 368
38 87 245
38 88 98
38 89 406
38 90 138
38 91 364
38 92 175
38 93 99
38 94 86
38 95 205
38 96 257
38 97 399
38 98 421
38 99 424
38 100 39
39 1 207
39 2 313
39 3 311
39 4 331
39 5 336
39 8 464
39 9 311
39 10 85
39 11 332
39 12 475
39 14 44
39 15 408
39 16 481
39 17 498
39 18 332
39 19 57
39 20 89
39 21 373
39 22 412
39 23 126
39 24 223
39 25 469
39 26 105
39 27 295
39 31 341
39 32 454
39 33 172
39 34 401
39 35 294
39 36 279
39 38 488
39 41 134
39 42 427
39 43 167
39 44 65
39 45 304
39 46 44
39 48 304
39 49 330
39 50 483
39 51 98
39 52 108
39 53 122
39 54 409
39 55 100
39 56 307
39 58 112
39 59 344
39 61 470
39 62 22
39 63 85
39 65 146
39 66 175
39 67 407
39 68 478
39 69 340
39 70 323
39 71 230
39 72 25
39 73 409
39 74 293
39 75 91
39 76 366
39 78 266
39 79 350
39 80 243
39 81 169
39 82 86
39 83 442
39 84 111
39 85 49
39 86 159
39 87 147
39 89 86
39 90 367
39 91 101
39 93 350
39 94 456
39 95 214
39 96 171
39 97 258
39 98 421
39 99 219
40 1 71
40 3 144
40 4 488
40 5 144
40 6 333
40 7 63
40 8 233
40 9 257
40 10 161
40 12 225
40 14 385
40 15 366
40 16 2
40 17 129
40 18 378
40 19 318
40 20 179
40 21 143
40 22 274
40 24 135
40 25 124
40 26 264
40 27 444
40 28 216
40 29 409
40 30 320
40 32 414
40 33 53
40 34 127
40 35 94
40 36 399
40 37 191
40 38 150
40 41 115
40 42 85
40 45 256
40 46 352
40 47 479
40 48 66
40 49 117
40 50 273
40 51 70
40 52 187
40 55 436
40 56 463
40 57 16
40 60 138
40 61 368
40 63 258
40 64 69
40 65 74
40 67 64
40 68 122
40 69 431
40 70 186
40 71 133
40 72 153
40 73 294
40 74 460
40 75 109
40 76 402
40 77 38
40 79 98
40 80 433
40 81 205
40 82 189
40 83 90
40 84 82
40 85 336
40 87 398
40 88 165
40 91 236
40 92 427
40 95 474
40 96 465
40 98 173
40 99 322
41 1 138
41 2 395
41 3 57
41 4 106
41 5 184
41 6 78
41 7 407
41 8 2
41 9 204
41 10 39
41 11 498
41 12 66
41 13 409
41 19 159
41 20 368
41 21 358
41 22 236
41 23 227
41 24 40
41 25 459
41 27 345
41 28 241
41 29 89
41 30 357
41 31 209
41 32 160
41 35 488
41 36 131
41 37 382
41 39 134
41 40 115
41 42 207
41 44 118
41 45 393
41 48 346
41 49 55
41 50 298
41 51 129
41 52 81
41 53 436
41 54 238
41 56 239
41 57 65
41 58 328
41 59 449
41 61 275
41 62 348
41 63 51
41 64 203
41 66 246
41 67 264
41 68 188
41 69 245
41 70 248
41 71 248
41 72 136
41 73 40
41 74 76
41 75 387
41 77 159
41 78 372
41 79 24
41 80 481
41 83 333
41 85 383
41 86 145
41 87 76
41 88 175
41 89 424
41 90 387
41 91 429
41 92 405
41 93 334
41 94 291
41 95 4
41 97 261
41 98 419
41 99 142
41 100 180
42 1 199
42 2 230
42 3 342
42 4 19
42 5 193
42 7 121
42 8 52
42 9 58
42 10 390
42 11 29
42 12 483
42 13 454
42 14 153
42 15 297
42 17 412
42 20 329
42 21 292
42 23 433
42 24 166
42 25 400
42 26 208
42 27 48
42 28 116
42 29 196
42 30 5
42 31 51
42 35 374
42 36 282
42 38 82
42 39 427
42 40 85
42 41 207
42 43 74
42 44 1
42 46 347
42 48 113
42 50 120
42 51 482
42 52 231
42 53 15
42 54 335
42 55 42
42 56 210
42 57 144
42 58 240
42 59 434
42 60 391
42 63 216
42 64 466
42 65 214
42 67 496
42 68 216
42 69 81
42 70 149
42 72 348
42 73 483
42 75 178
42 76 409
42 77 106
42 78 54
42 79 483
42 81 120
42 82 473
42 83 117
42 85 498
42 86 423
42 87 230
42 88 193
42 89 428
42 90 52
42 91 457
42 92 446
42 94 337
42 95 363
42 96 93
42 97 162
42 98 272
42 99 148
42 100 145
43 1 10
43 2 405
43 4 321
43 5 327
43 6 140
43 7 233
43 8 279
43 10 155
43 11 142
43 12 462
43 13 473
43 14 228
43 15 293
43 16 321
43 17 128
43 18 47
43 20 34
43 21 452
43 22 170
43 24 210
43 25 120
43 26 204
43 27 332
43 28 18
43 29 183
43 30 313
43 31 373
43 33 60
43 35 215
43 36 20
43 37 72
43 38 155
43 39 167
43 42 74
43 45 290
43 47 462
43 48 374
43 49 256
43 50 396
43 51 377
43 52 51
43 53 299
43 54 59
43 58 368
43 59 235
43 60 290
43 61 497
43 62 202
43 63 193
43 64 176
43 66 94
43 67 120
43 68 64
43 69 279
43 70 105
43 71 89
43 72 59
43 73 233
43 74 272
43 76 10
43 77 139
43 78 129
43 79 462
43 80 305
43 81 24
43 82 27
43 83 443
43 84 198
43 85 159
43 86 190
43 87 435
43 88 294
43 90 251
43 91 73
43 93 452
43 94 158
43 96 159
43 97 449
43 98 431
43 99 485
43 100 103
44 1 245
44 2 452
44 4 60
44 5 97
44 9 405
44 10 269
44 11 190
44 12 334
44 13 129
44 14 498
44 15 352
44 17 122
44 18 495
44 21 433
44 22 316
44 23 125
44 24 488
44 25 63
44 26 125
44 27 337
44 28 102
44 29 496
44 30 225
44 32 381
44 33 301
44 34 224
44 35 359
44 36 277
44 37 478
44 39 65
44 41 118
44 42 1
44 45 493
44 46 67
44 47 37
44 48 176
44 49 4
44 50 110
44 51 411
44 52 364
44 53 387
44 54 419
44 55 260
44 56 424
44 57 217
44 58 414
44 59 449
44 62 104
44 64 217
44 65 431
44 66 376
44 67 35
44 68 388
44 69 387
44 71 225
44 72 70
44 73 161
44 74 46
44 75 232
44 76 90
44 78 164
44 79 233
44 80 257
44 81 241
44 82 488
44 84 19
44 86 483
44 87 231
44 89 118
44 90 95
44 91 176
44 92 137
44 94 113
44 95 492
44 97 122
44 98 267
44 100 183
45 1 136
45 2 339
45 4 126
45 6 93
45 7 382
45 8 282
45 10 457
45 12 341
45 13 276
45 19 277
45 22 87
45 23 202
45 24 461
45 25 452
45 26 208
45 27 272
45 28 416
45 29 265
45 30 100
45 31 346
45 32 2
45 33 165
45 34 12
45 35 188
45 36 374
45 37 188
45 38 333
45 39 304
45 40 256
45 41 393
45 43 290
45 44 493
45 46 34
45 47 106
45 48 137
45 49 452
45 50 458
45 52 146
45 54 356
45 55 308
45 56 328
45 57 286
45 58 142
45 59 374
45 60 13
45 61 322
45 62 385
45 65 31
45 66 31
45 67 22
45 68 82
45 69 34
45 70 27
45 71 211
45 72 425
45 73 373
45 74 271
45 76 78
45 77 165
45 79 252
45 80 483
45 82 302
45 83 253
45 84 357
45 85 280
45 86 303
45 87 430
45 89 368
45 90 364
45 91 260
45 92 119
45 93 154
45 95 287
45 96 169
45 97 327
45 98 204
45 99 16
46 1 306
46 2 29
46 4 38
46 5 55
46 6 297
46 7 362
46 8 76
46 9 131
46 10 185
46 11 279
46 12 199
46 13 337
46 14 446
46 15 273
46 16 378
46 18 328
46 19 289
46 20 383
46 21 97
46 24 398
46 25 128
46 26 139
46 27 124
46 28 317
46 29 375
46 30 372
46 31 201
46 32 294
46 34 383
46 35 462
46 36 99
46 37 114
46 38 343
46 39 44
46 40 352
46 42 347
46 44 67
46 45 34
46 47 419
46 48 39
46 49 436
46 51 166
46 52 204
46 54 20
46 55 225
46 56 423
46 58 406
46 60 176
46 61 268
46 62 413
46 63 336
46 65 415
46 66 67
46 67 321
46 68 109
46 70 240
46 72 379
46 73 334
46 74 205
46 75 256
46 77 278
46 78 38
46 79 464
46 80 480
46 82 229
46 83 39
46 84 459
46 85 203
46 86 420
46 88 7
46 89 191
46 90 270
46 91 151
46 93 11
46 95 414
46 96 458
46 99 444
46 100 276
47 2 178
47 3 32
47 4 143
47 5 328
47 6 292
47 7 470
47 8 470
47 9 74
47 10 125
47 11 230
47 12 131
47 13 276
47 15 200
47 16 452
47 18 277
47 20 15
47 21 49
47 22 391
47 23 104
47 24 401
47 27 134
47 28 29
47 29 50
47 30 184
47 31 172
47 32 228
47 34 173
47 35 303
47 36 246
47 37 457
47 38 10
47 40 479
47 43 462
47 44 37
47 45 106
47 46 419
47 50 168
47 51 371
47 52 63
47 53 479
47 54 300
47 55 475
47 56 236
47 59 433
47 62 120
47 63 138
47 64 69
47 65 259
47 66 258
47 67 354
47 68 379
47 69 52
47 70 269
47 71 163
47 72 304
47 73 370
47 74 187
47 75 41
47 76 226
47 79 469
47 80 424
47 81 286
47 82 475
47 83 407
47 84 309
47 85 79
47 87 488
47 88 429
47 89 345
47 90 416
47 92 51
47 93 243
47 95 377
47 96 59
47 97 71
47 98 460
47 100 334
48 1 483
48 2 251
48 3 417
48 4 157
48 5 157
48 6 247
48 7 22
48 8 419
48 9 253
48 11 320
48 13 401
48 14 467
48 15 252
48 16 115
48 17 105
48 18 77
48 19 365
48 20 437
48 21 371
48 22 476
48 23 94
48 24 299
48 25 229
48 27 15
48 29 55
48 30 259
48 31 327
48 34 254
48 35 445
48 36 267
48 37 359
48 38 156
48 39 304
48 40 66
48 41 346
48 42 113
48 43 374
48 44 176
48 45 137
48 46 39
48 49 227
48 50 356
48 51 458
48 52 392
48 53 359
48 54 174
48 55 375
48 56 272
48 58 68
48 59 348
48 60 79
48 61 444
48 62 211
48 63 174
48 64 42
48 65 119
48 66 65
48 68 186
48 69 344
48 70 146
48 72 417
48 73 268
48 74 172
48 75 306
48 76 386
48 77 148
48 78 50
48 79 444
48 81 221
48 82 392
48 83 196
48 85 328
48 86 435
48 87 351
48 88 468
48 89 31
48 91 106
48 92 22
48 93 168
48 94 348
48 95 431
48 96 205
48 97 42
48 98 393
48 99 409
48 100 446
49 2 371
49 3 65
49 4 62
49 5 356
49 6 474
49 7 329
49 8 151
49 9 298
49 15 485
49 16 86
49 17 161
49 18 77
49 20 198
49 21 500
49 22 279
49 25 68
49 26 203
49 29 87
49 30 226
49 32 164
49 33 491
49 34 342
49 35 201
49 37 363
49 39 330
49 40 117
49 41 55
49 43 256
49 44 4
49 45 452
49 46 436
49 48 227
49 50 160
49 51 489
49 52 327
49 54 467
49 55 53
49 57 348
49 58 385
49 59 316
49 60 20
49 61 268
49 62 371
49 63 499
49 64 296
49 65 193
49 66 171
49 67 464
49 68 473
49 70 386
49 71 298
49 72 314
49 73 435
49 74 429
49 75 156
49 76 136
49 79 225
49 80 72
49 81 417
49 83 351
49 84 235
49 85 364
49 86 142
49 87 63
49 90 457
49 91 257
49 92 190
49 93 199
49 94 265
49 95 278
49 96 291
49 97 181
49 98 462
49 99 362
50 1 65
50 2 106
50 3 179
50 5 56
50 6 254
50 7 259
50 8 396
50 9 278
50 10 345
50 11 221
50 12 163
50 13 276
50 15 190
50 17 168
50 18 429
50 20 126
50 21 406
50 22 444
50 23 1
50 24 84
50 25 317
50 26 257
50 28 315
50 29 137
50 30 101
50 33 447
50 34 350
50 35 425
50 36 334
50 37 203
50 39 483
50 40 273
50 41 298
50 42 120
50 43 396
50 44 110
50 45 458
50 47 168
50 48 356
50 49 160
50 51 156
50 52 386
50 53 98
50 55 249
50 57 374
50 58 498
50 60 27
50 61 411
50 62 165
50 63 207
50 64 226
50 68 305
50 69 285
50 70 2
50 71 476
50 72 487
50 73 143
50 74 287
50 76 218
50 78 168
50 80 320
50 81 111
50 82 468
50 83 238
50 84 27
50 86 159
50 87 442
50 88 75
50 89 308
50 91 275
50 92 484
50 93 355
50 94 243
50 95 484
50 96 452
50 97 120
50 98 203
50 99 198
51 2 213
51 3 301
51 5 206
51 6 217
51 7 80
51 8 161
51 9 342
51 10 426
51 11 18
51 14 274
51 15 83
51 16 475
51 17 292
51 18 474
51 19 118
51 20 485
51 21 258
51 22 496
51 23 260
51 24 38
51 25 44
51 27 43
51 28 216
51 29 65
51 30 217
51 31 480
51 32 342
51 34 92
51 35 402
51 36 286
51 37 424
51 38 342
51 39 98
51 40 70
51 41 129
51 42 482
51 43 377
51 44 411
51 46 166
51 47 371
51 48 458
51 49 489
51 50 156
51 52 38
51 53 90
51 54 463
51 55 132
51 56 131
51 57 311
51 58 233
51 59 445
51 60 204
51 61 199
51 62 13
51 63 446
51 64 88
51 65 282
51 66 332
51 67 452
51 68 251
51 69 222
51 70 452
51 71 41
51 72 177
51 73 223
51 74 90
51 75 414
51 76 280
51 77 406
51 78 471
51 82 47
51 83 484
51 85 354
51 86 159
51 89 38
51 90 365
51 91 247
51 92 220
51 94 211
51 95 293
51 96 426
51 97 361
51 98 303
51 99 8
51 100 34
52 1 359
52 2 86
52 4 310
52 5 314
52 6 337
52 7 59
52 8 492
52 9 235
52 10 9
52 12 293
52 13 426
52 14 61
52 15 7
52 16 130
52 17 488
52 18 462
52 19 20
52 20 160
52 21 493
52 22 225
52 23 133
52 24 484
52 25 380
52 26 457
52 27 223
52 29 113
52 30 272
52 32 491
52 33 143
52 34 202
52 35 337
52 36 4
52 37 251
52 38 449
52 39 108
52 40 187
52 41 81
52 42 231
52 43 51
52 44 364
52 45 146
52 46 204
52 47 63
52 48 392
52 49 327
52 50 386
52 51 38
52 54 282
52 55 400
52 57 495
52 58 322
52 59 353
52 60 49
52 61 329
52 63 131
52 64 168
52 65 499
52 66 43
52 67 432
52 69 463
52 70 451
52 71 469
52 73 403
52 74 293
52 75 11
52 77 259
52 78 335
52 79 17
52 80 19
52 81 219
52 82 230
52 83 179
52 84 489
52 85 27
52 86 232
52 88 1
52 89 406
52 90 460
52 91 312
52 92 269
52 93 37
52 94 158
52 95 14
52 97 465
52 98 355
52 99 404
53 1 206
53 2 7
53 4 67
53 5 400
53 8 226
53 10 94
53 11 289
53 14 283
53 15 244
53 16 299
53 17 416
53 18 231
53 19 348
53 21 356
53 22 318
53 23 193
53 25 270
53 26 293
53 27 467
53 28 406
53 29 263
53 30 53
53 31 397
53 32 439
53 33 132
53 34 172
53 35 268
53 36 189
53 37 228
53 38 486
53 39 122
53 41 436
53 42 15
53 43 299
53 44 387
53 47 479
53 48 359
53 50 98
53 51 90
53 54 258
53 55 457
53 56 252
53 57 414
53 59 34
53 60 12
53 61 341
53 62 51
53 63 316
53 65 217
53 66 417
53 67 380
53 68 449
53 69 152
53 70 58
53 72 38
53 73 314
53 74 91
53 75 475
53 76 272
53 77 244
53 78 183
53 81 310
53 82 490
53 83 153
53 84 219
53 85 499
53 90 229
53 91 184
53 92 56
53 93 483
53 94 15
53 95 208
53 96 32
53 97 304
