35 595
1 5 41
1 6 78
1 7 132
1 10 12
1 13 17
1 16 20
1 17 3
1 18 160
1 19 133
1 21 36
1 25 127
1 27 30
1 28 104
1 29 76
1 32 162
1 33 143
1 34 135
2 3 28
2 8 122
2 10 77
2 11 52
2 12 89
2 13 125
2 15 86
2 16 112
2 17 75
2 18 173
2 21 63
2 23 111
2 24 109
2 26 65
2 29 100
2 30 21
2 31 60
2 32 117
2 33 160
3 2 28
3 4 152
3 8 52
3 9 3
3 15 150
3 17 75
3 18 71
3 19 4
3 20 102
3 22 56
3 24 151
3 25 119
3 26 59
3 29 101
3 33 57
3 34 99
3 35 143
4 3 152
4 5 124
4 6 9
4 8 25
4 10 90
4 12 31
4 13 81
4 14 161
4 15 174
4 17 108
4 19 169
4 21 97
4 24 93
4 27 91
4 30 49
4 32 49
4 33 73
4 35 57
5 1 41
5 4 124
5 6 151
5 7 66
5 8 87
5 9 29
5 14 73
5 16 41
5 17 106
5 18 1
5 19 67
5 20 173
5 21 109
5 23 19
5 27 7
5 30 154
5 33 114
6 1 78
6 4 9
6 5 151
6 8 68
6 9 174
6 10 113
6 12 24
6 13 159
6 14 68
6 15 155
6 24 112
6 26 137
6 28 94
6 29 124
6 30 77
6 32 134
6 33 127
6 35 6
7 1 132
7 5 66
7 8 68
7 9 36
7 14 112
7 19 64
7 21 37
7 24 116
7 25 3
7 27 163
7 29 83
8 2 122
8 3 52
8 4 25
8 5 87
8 6 68
8 7 68
8 9 3
8 12 29
8 13 60
8 14 126
8 16 74
8 17 118
8 19 157
8 21 147
8 24 133
8 25 99
8 28 136
8 29 118
8 33 58
8 34 147
9 3 3
9 5 29
9 6 174
9 7 36
9 8 3
9 12 100
9 14 111
9 16 39
9 20 94
9 21 10
9 22 114
9 25 121
9 26 147
9 27 144
9 28 112
9 29 36
9 31 20
9 33 101
9 34 64
10 1 12
10 2 77
10 4 90
10 6 113
10 11 5
10 12 149
10 13 5
10 14 123
10 16 155
10 17 149
10 21 92
10 24 75
10 25 127
10 29 83
10 31 61
10 35 126
11 2 52
11 10 5
11 14 149
11 16 159
11 17 23
11 18 15
11 19 45
11 21 57
11 23 131
11 24 98
11 25 12
11 27 140
11 28 168
11 29 20
11 30 26
11 31 38
11 32 26
11 34 115
12 2 89
12 4 31
12 6 24
12 8 29
12 9 100
12 10 149
12 14 91
12 16 34
12 18 140
12 20 110
12 21 80
12 22 154
12 23 125
12 25 151
12 30 152
12 33 144
13 1 17
13 2 125
13 4 81
13 6 159
13 8 60
13 10 5
13 15 10
13 16 70
13 18 154
13 19 28
13 20 81
13 24 126
13 27 66
13 28 42
13 31 123
13 32 128
13 33 69
13 34 94
13 35 134
14 4 161
14 5 73
14 6 68
14 7 112
14 8 126
14 9 111
14 10 123
14 11 149
14 12 91
14 15 151
14 16 79
14 17 49
14 18 86
14 19 59
14 20 20
14 21 22
14 22 92
14 23 11
14 24 34
14 26 10
14 27 27
14 29 83
14 31 5
14 32 22
14 35 151
15 2 86
15 3 150
15 4 174
15 6 155
15 13 10
15 14 151
15 16 136
15 19 45
15 20 5
15 21 139
15 22 147
15 23 78
15 27 63
15 28 131
15 31 80
15 32 157
15 35 148
16 1 20
16 2 112
16 5 41
16 8 74
16 9 39
16 10 155
16 11 159
16 12 34
16 13 70
16 14 79
16 15 136
16 17 159
16 20 9
16 21 52
16 22 113
16 23 152
16 25 142
16 27 145
16 30 152
17 1 3
17 2 75
17 3 75
17 4 108
17 5 106
17 8 118
17 10 149
17 11 23
17 14 49
17 16 159
17 21 117
17 27 122
17 30 98
17 32 170
17 33 155
17 34 21
18 1 160
18 2 173
18 3 71
18 5 1
18 11 15
18 12 140
18 13 154
18 14 86
18 22 31
18 26 55
18 27 48
18 28 173
18 29 149
18 30 125
19 1 133
19 3 4
19 4 169
19 5 67
19 7 64
19 8 157
19 11 45
19 13 28
19 14 59
19 15 45
19 22 117
19 25 118
19 27 76
19 28 25
19 29 20
19 32 36
19 33 59
19 34 161
20 3 102
20 5 173
20 9 94
20 12 110
20 13 81
20 14 20
20 15 5
20 16 9
20 22 51
20 23 71
20 24 107
20 25 109
20 28 35
20 33 121
20 34 34
21 1 36
21 2 63
21 4 97
21 5 109
21 7 37
21 8 147
21 9 10
21 10 92
21 11 57
21 12 80
21 14 22
21 15 139
21 16 52
21 17 117
21 22 174
21 23 105
21 25 69
21 28 21
21 33 89
21 34 95
22 3 56
22 9 114
22 12 154
22 14 92
22 15 147
22 16 113
22 18 31
22 19 117
22 20 51
22 21 174
22 23 78
22 24 91
22 26 148
22 29 100
22 30 171
22 32 60
22 33 5
22 34 101
23 2 111
23 5 19
23 11 131
23 12 125
23 14 11
23 15 78
23 16 152
23 20 71
23 21 105
23 22 78
23 24 5
23 26 100
23 30 111
23 33 102
23 34 8
23 35 28
24 2 109
24 3 151
24 4 93
24 6 112
24 7 116
24 8 133
24 10 75
24 11 98
24 13 126
24 14 34
24 20 107
24 22 91
24 23 5
24 30 170
24 31 156
24 33 159
24 34 137
24 35 69
25 1 127
25 3 119
25 7 3
25 8 99
25 9 121
25 10 127
25 11 12
25 12 151
25 16 142
25 19 118
25 20 109
25 21 69
25 29 143
25 30 57
25 31 158
25 35 108
26 2 65
26 3 59
26 6 137
26 9 147
26 14 10
26 18 55
26 22 148
26 23 100
26 27 2
26 28 92
26 29 18
26 30 80
26 31 54
26 33 27
27 1 30
27 4 91
27 5 7
27 7 163
27 9 144
27 11 140
27 13 66
27 14 27
27 15 63
27 16 145
27 17 122
27 18 48
27 19 76
27 26 2
27 33 72
28 1 104
28 6 94
28 8 136
28 9 112
28 11 168
28 13 42
28 15 131
28 18 173
28 19 25
28 20 35
28 21 21
28 26 92
28 30 49
28 33 18
28 34 28
28 35 5
29 1 76
29 2 100
29 3 101
29 6 124
29 7 83
29 8 118
29 9 36
29 10 83
29 11 20
29 14 83
29 18 149
29 19 20
29 22 100
29 25 143
29 26 18
29 32 63
29 34 124
30 2 21
30 4 49
30 5 154
30 6 77
30 11 26
30 12 152
30 16 152
30 17 98
30 18 125
30 22 171
30 23 111
30 24 170
30 25 57
30 26 80
30 28 49
30 32 20
30 34 73
30 35 75
31 2 60
31 9 20
31 10 61
31 11 38
31 13 123
31 14 5
31 15 80
31 24 156
31 25 158
31 26 54
31 34 111
32 1 162
32 2 117
32 4 49
32 6 134
32 11 26
32 13 128
32 14 22
32 15 157
32 17 170
32 19 36
32 22 60
32 29 63
32 30 20
32 33 160
33 1 143
33 2 160
33 3 57
33 4 73
33 5 114
33 6 127
33 8 58
33 9 101
33 12 144
33 13 69
33 17 155
33 19 59
33 20 121
33 21 89
33 22 5
33 23 102
33 24 159
33 26 27
33 27 72
33 28 18
33 32 160
33 34 82
33 35 83
34 1 135
34 3 99
34 8 147
34 9 64
34 11 115
34 13 94
34 17 21
34 19 161
34 20 34
34 21 95
34 22 101
34 23 8
34 24 137
34 28 28
34 29 124
34 30 73
34 31 111
34 33 82
35 3 143
35 4 57
35 6 6
35 10 126
35 13 134
35 14 151
35 15 148
35 23 28
35 24 69
35 25 108
35 28 5
35 30 75
35 33 83
