35 952
1 2 57
1 4 62
1 5 22
1 6 17
1 7 8
1 8 164
1 11 79
1 14 7
1 15 64
1 16 37
1 18 24
1 20 69
1 21 28
1 22 43
1 23 57
1 24 121
1 25 43
1 26 11
1 27 141
1 28 165
1 29 155
1 30 160
1 31 131
1 32 118
2 1 57
2 3 97
2 4 57
2 5 25
2 7 30
2 8 76
2 9 94
2 10 168
2 11 63
2 12 4
2 13 91
2 14 38
2 15 167
2 16 64
2 17 136
2 18 112
2 19 66
2 20 63
2 21 78
2 22 171
2 23 54
2 24 165
2 25 87
2 26 1
2 27 32
2 28 169
2 29 122
2 30 6
2 31 163
2 32 166
2 33 100
2 34 71
2 35 78
3 2 97
3 4 135
3 5 94
3 7 35
3 8 72
3 10 55
3 11 19
3 12 29
3 13 170
3 15 15
3 16 102
3 17 49
3 18 52
3 19 25
3 20 129
3 21 138
3 22 17
3 23 70
3 25 160
3 26 144
3 27 79
3 28 155
3 29 167
3 30 42
3 31 108
3 32 122
3 33 51
3 34 90
4 1 62
4 2 57
4 3 135
4 5 38
4 7 103
4 8 125
4 9 21
4 10 61
4 11 22
4 12 150
4 13 1
4 14 121
4 15 174
4 16 28
4 17 167
4 19 157
4 20 25
4 21 33
4 22 19
4 23 10
4 24 156
4 25 158
4 26 114
4 27 130
4 28 7
4 29 149
4 30 152
4 33 84
4 34 72
5 1 22
5 2 25
5 3 94
5 4 38
5 6 103
5 7 74
5 8 23
5 10 162
5 11 164
5 12 44
5 13 115
5 15 121
5 16 89
5 17 39
5 19 57
5 20 10
5 22 93
5 23 157
5 24 164
5 25 71
5 26 72
5 27 170
5 29 108
5 32 24
5 33 111
5 35 17
6 1 17
6 5 103
6 7 146
6 11 24
6 13 43
6 15 5
6 16 151
6 17 106
6 18 47
6 19 170
6 22 115
6 23 148
6 24 32
6 25 126
6 27 70
6 28 149
6 29 111
6 30 112
6 31 1
6 33 28
6 34 41
6 35 151
7 1 8
7 2 30
7 3 35
7 4 103
7 5 74
7 6 146
7 8 10
7 9 39
7 10 59
7 11 129
7 12 93
7 13 164
7 14 118
7 15 77
7 18 24
7 19 81
7 20 101
7 21 74
7 22 104
7 23 83
7 24 105
7 25 33
7 26 1
7 28 117
7 29 46
7 30 174
7 31 75
7 32 136
7 33 133
7 34 124
7 35 112
8 1 164
8 2 76
8 3 72
8 4 125
8 5 23
8 7 10
8 9 22
8 10 109
8 11 68
8 12 74
8 13 136
8 14 92
8 15 109
8 16 168
8 17 175
8 19 85
8 20 92
8 21 150
8 22 64
8 23 99
8 25 161
8 26 136
8 27 112
8 29 93
8 34 154
8 35 126
9 2 94
9 4 21
9 7 39
9 8 22
9 10 52
9 13 129
9 15 91
9 17 90
9 18 151
9 19 162
9 20 54
9 21 6
9 22 128
9 23 50
9 25 3
9 27 25
9 29 162
9 30 142
9 33 25
10 2 168
10 3 55
10 4 61
10 5 162
10 7 59
10 8 109
10 9 52
10 11 122
10 12 99
10 13 128
10 14 92
10 15 33
10 16 156
10 17 145
10 18 17
10 19 111
10 20 163
10 21 81
10 23 81
10 24 122
10 25 170
10 26 99
10 28 31
10 29 77
10 30 160
10 31 161
10 32 39
10 33 129
10 34 60
10 35 174
11 1 79
11 2 63
11 3 19
11 4 22
11 5 164
11 6 24
11 7 129
11 8 68
11 10 122
11 12 135
11 13 60
11 14 22
11 15 113
11 16 147
11 17 131
11 18 90
11 19 99
11 20 28
11 22 66
11 23 107
11 25 104
11 28 133
11 31 83
11 32 81
11 34 131
11 35 40
12 2 4
12 3 29
12 4 150
12 5 44
12 7 93
12 8 74
12 10 99
12 11 135
12 13 74
12 14 121
12 15 97
12 16 123
12 18 77
12 19 122
12 20 76
12 21 29
12 22 64
12 23 48
12 24 29
12 25 67
12 27 165
12 28 172
12 29 71
12 30 175
12 31 129
12 33 68
12 35 49
13 2 91
13 3 170
13 4 1
13 5 115
13 6 43
13 7 164
13 8 136
13 9 129
13 10 128
13 11 60
13 12 74
13 14 33
13 15 113
13 16 161
13 17 31
13 19 133
13 20 132
13 22 80
13 24 125
13 26 155
13 27 171
13 28 103
13 29 21
13 30 145
13 31 119
13 32 111
13 33 14
13 34 163
13 35 166
14 1 7
14 2 38
14 4 121
14 7 118
14 8 92
14 10 92
14 11 22
14 12 121
14 13 33
14 15 142
14 16 33
14 17 75
14 19 136
14 23 67
14 24 38
14 25 143
14 26 21
14 29 4
14 30 60
14 32 174
14 33 102
14 34 126
14 35 113
15 1 64
15 2 167
15 3 15
15 4 174
15 5 121
15 6 5
15 7 77
15 8 109
15 9 91
15 10 33
15 11 113
15 12 97
15 13 113
15 14 142
15 17 158
15 18 175
15 19 36
15 20 87
15 21 74
15 22 23
15 23 150
15 24 74
15 25 3
15 26 5
15 27 133
15 28 119
15 29 125
15 30 41
15 31 43
15 32 173
15 33 11
15 34 52
15 35 26
16 1 37
16 2 64
16 3 102
16 4 28
16 5 89
16 6 151
16 8 168
16 10 156
16 11 147
16 12 123
16 13 161
16 14 33
16 17 31
16 21 2
16 22 40
16 23 100
16 24 115
16 26 93
16 27 45
16 28 19
16 29 66
16 30 142
16 31 68
16 32 83
16 34 61
17 2 136
17 3 49
17 4 167
17 5 39
17 6 106
17 8 175
17 9 90
17 10 145
17 11 131
17 13 31
17 14 75
17 15 158
17 16 31
17 18 157
17 19 6
17 20 81
17 21 56
17 22 89
17 23 82
17 24 93
17 25 37
17 27 166
17 29 138
17 30 31
17 31 133
17 32 149
17 33 49
17 34 38
17 35 35
18 1 24
18 2 112
18 3 52
18 6 47
18 7 24
18 9 151
18 10 17
18 11 90
18 12 77
18 15 175
18 17 157
18 19 10
18 20 126
18 21 55
18 22 58
18 23 88
18 24 134
18 25 130
18 26 110
18 27 71
18 28 134
18 29 41
18 30 66
18 31 87
18 32 121
18 33 78
18 34 27
18 35 121
19 2 66
19 3 25
19 4 157
19 5 57
19 6 170
19 7 81
19 8 85
19 9 162
19 10 111
19 11 99
19 12 122
19 13 133
19 14 136
19 15 36
19 17 6
19 18 10
19 20 27
19 21 68
19 22 140
19 24 124
19 25 173
19 27 40
19 28 51
19 29 152
19 30 61
19 32 103
19 33 107
19 34 24
20 1 69
20 2 63
20 3 129
20 4 25
20 5 10
20 7 101
20 8 92
20 9 54
20 10 163
20 11 28
20 12 76
20 13 132
20 15 87
20 17 81
20 18 126
20 19 27
20 21 109
20 22 54
20 23 103
20 25 38
20 26 67
20 27 93
20 29 11
20 30 42
20 31 170
20 32 119
20 34 19
20 35 130
21 1 28
21 2 78
21 3 138
21 4 33
21 7 74
21 8 150
21 9 6
21 10 81
21 12 29
21 15 74
21 16 2
21 17 56
21 18 55
21 19 68
21 20 109
21 23 103
21 24 69
21 25 138
21 27 172
21 28 158
21 29 2
21 30 86
21 32 157
21 33 55
21 34 156
21 35 149
22 1 43
22 2 171
22 3 17
22 4 19
22 5 93
22 6 115
22 7 104
22 8 64
22 9 128
22 11 66
22 12 64
22 13 80
22 15 23
22 16 40
22 17 89
22 18 58
22 19 140
22 20 54
22 23 54
22 25 33
22 26 83
22 27 116
22 29 111
22 30 58
22 32 159
22 33 169
22 34 80
22 35 27
23 1 57
23 2 54
23 3 70
23 4 10
23 5 157
23 6 148
23 7 83
23 8 99
23 9 50
23 10 81
23 11 107
23 12 48
23 14 67
23 15 150
23 16 100
23 17 82
23 18 88
23 20 103
23 21 103
23 22 54
23 25 145
23 27 111
23 28 131
23 30 73
23 31 17
23 32 144
23 33 95
23 35 170
24 1 121
24 2 165
24 4 156
24 5 164
24 6 32
24 7 105
24 10 122
24 12 29
24 13 125
24 14 38
24 15 74
24 16 115
24 17 93
24 18 134
24 19 124
24 21 69
24 26 2
24 27 127
24 29 113
24 30 74
24 31 84
24 32 74
24 33 115
24 34 40
24 35 106
25 1 43
25 2 87
25 3 160
25 4 158
25 5 71
25 6 126
25 7 33
25 8 161
25 9 3
25 10 170
25 11 104
25 12 67
25 14 143
25 15 3
25 17 37
25 18 130
25 19 173
25 20 38
25 21 138
25 22 33
25 23 145
25 26 18
25 27 27
25 28 147
25 29 102
25 30 161
25 31 146
25 32 86
25 34 18
25 35 92
26 1 11
26 2 1
26 3 144
26 4 114
26 5 72
26 7 1
26 8 136
26 10 99
26 13 155
26 14 21
26 15 5
26 16 93
26 18 110
26 20 67
26 22 83
26 24 2
26 25 18
26 27 146
26 28 29
26 29 35
26 30 148
26 31 3
26 32 43
26 33 131
26 34 14
26 35 130
27 1 141
27 2 32
27 3 79
27 4 130
27 5 170
27 6 70
27 8 112
27 9 25
27 12 165
27 13 171
27 15 133
27 16 45
27 17 166
27 18 71
27 19 40
27 20 93
27 21 172
27 22 116
27 23 111
27 24 127
27 25 27
27 26 146
27 28 5
27 29 63
27 30 158
27 31 116
27 32 80
27 33 101
27 34 97
28 1 165
28 2 169
28 3 155
28 4 7
28 6 149
28 7 117
28 10 31
28 11 133
28 12 172
28 13 103
28 15 119
28 16 19
28 18 134
28 19 51
28 21 158
28 23 131
28 25 147
28 26 29
28 27 5
28 29 162
28 31 109
28 32 118
28 33 110
28 35 33
29 1 155
29 2 122
29 3 167
29 4 149
29 5 108
29 6 111
29 7 46
29 8 93
29 9 162
29 10 77
29 12 71
29 13 21
29 14 4
29 15 125
29 16 66
29 17 138
29 18 41
29 19 152
29 20 11
29 21 2
29 22 111
29 24 113
29 25 102
29 26 35
29 27 63
29 28 162
29 30 32
29 31 27
29 32 144
29 34 151
29 35 26
30 1 160
30 2 6
30 3 42
30 4 152
30 6 112
30 7 174
30 9 142
30 10 160
30 12 175
30 13 145
30 14 60
30 15 41
30 16 142
30 17 31
30 18 66
30 19 61
30 20 42
30 21 86
30 22 58
30 23 73
30 24 74
30 25 161
30 26 148
30 27 158
30 29 32
30 32 138
30 33 115
31 1 131
31 2 163
31 3 108
31 6 1
31 7 75
31 10 161
31 11 83
31 12 129
31 13 119
31 15 43
31 16 68
31 17 133
31 18 87
31 20 170
31 23 17
31 24 84
31 25 146
31 26 3
31 27 116
31 28 109
31 29 27
31 32 105
31 33 47
31 34 148
31 35 161
32 1 118
32 2 166
32 3 122
32 5 24
32 7 136
32 10 39
32 11 81
32 13 111
32 14 174
32 15 173
32 16 83
32 17 149
32 18 121
32 19 103
32 20 119
32 21 157
32 22 159
32 23 144
32 24 74
32 25 86
32 26 43
32 27 80
32 28 118
32 29 144
32 30 138
32 31 105
32 33 166
32 34 158
32 35 160
33 2 100
33 3 51
33 4 84
33 5 111
33 6 28
33 7 133
33 9 25
33 10 129
33 12 68
33 13 14
33 14 102
33 15 11
33 17 49
33 18 78
33 19 107
33 21 55
33 22 169
33 23 95
33 24 115
33 26 131
33 27 101
33 28 110
33 30 115
33 31 47
33 32 166
33 34 69
33 35 174
34 2 71
34 3 90
34 4 72
34 6 41
34 7 124
34 8 154
34 10 60
34 11 131
34 13 163
34 14 126
34 15 52
34 16 61
34 17 38
34 18 27
34 19 24
34 20 19
34 21 156
34 22 80
34 24 40
34 25 18
34 26 14
34 27 97
34 29 151
34 31 148
34 32 158
34 33 69
34 35 129
35 2 78
35 5 17
35 6 151
35 7 112
35 8 126
35 10 174
35 11 40
35 12 49
35 13 166
35 14 113
35 15 26
35 17 35
35 18 121
35 20 130
35 21 149
35 22 27
35 23 170
35 24 106
35 25 92
35 26 130
35 28 33
35 29 26
35 31 161
35 32 160
35 33 174
35 34 129
